PS C:\Users\diyan> & C:/Users/diyan/AppData/Local/Programs/Python/Python310/python.exe "c:/Users/Admin/source/repos/Unity Backups/spyder116 integration3.py"
Matrix Shape is: (1215, 424)
dict_keys(['Scene blackboard BVLS', 'Scene setForget BVLS', 'Scene table BVLS', 'Scene west BVLS'])
HumanAwareness calculated for multiple people.
ytps [50. 50. 50. ... 50. 50. 50.]
The multis are (from BVLS): [0.382, 1.0, 1.0, 1.0, 1.0, 1.0, 0.462, 0.0, 0.0, -0.0, 1.0, 1.0, 1.0, 1.0, 1.0, 1.0, 1.0, 1.0, 1.0, 1.0, 1.0, 1.0, 1.0, 1.0, 1.0, 1.0, 1.0, 1.0, 1.0, 1.0, 1.0, 1.0, 1.0, 1.0, 1.0, 1.0, 0.0, 1.0, 1.0, 1.0, 1.0, 1.0, 1.0, 0.0, 1.0, 1.0, 1.0, 1.0, 1.0, 1.0, 0.436, 1.0, 1.0, 0.339, 1.0, 1.0, 1.0, 0.696, 0.0, 0.0, 0.0, 0.622, 1.0, 1.0, 1.0, 1.0, 1.0, 1.0, 1.0, 1.0, 1.0, 1.0, 1.0, 1.0, 1.0, 1.0, 1.0, 1.0, 1.0, 1.0, 1.0, 1.0, 1.0, 1.0, 1.0, 1.0, 1.0, 0.0, 1.0, 1.0, 1.0, 1.0, 1.0, 1.0, 0.0, 1.0, 1.0, 1.0, 1.0, 1.0, 1.0, 0.637, 1.0, 1.0, 1.0, 1.0, 1.0, 0.606, 1.0, 1.0, 1.0, 1.0, 1.0, 1.0, 1.0, 1.0, 1.0, 1.0, 1.0, 1.0, 1.0, 0.768, 0.0, 1.0, 0.126, 1.0, 1.0, 1.0, 1.0, 0.0, 1.0, 1.0, 1.0, 1.0, 1.0, 1.0, 0.0, 1.0, 0.313, 1.0, 1.0, 1.0, 1.0, 0.0, 1.0, 1.0, 1.0, 1.0, 1.0, 1.0, 0.266, 1.0, 1.0, 1.0, 1.0, 1.0, 1.0, 1.0, 1.0, 1.0, 1.0, 0.399, 1.0, 1.0, 1.0, 1.0, 1.0, 1.0, 1.0, 1.0, 1.0, 0.0, 0.626, 1.0, 1.0, 1.0, 1.0, 1.0, 0.0, 1.0, 1.0, 1.0, 1.0, 0.0, 1.0, -0.0, 1.0, 1.0, 1.0, 1.0, 0.166, 1.0, 0.0, 1.0, 1.0, 1.0, 1.0, 0.0, 1.0, 0.0, 1.0, 1.0, 1.0, 1.0, 1.0, 1.0, 1.0, 1.0, 1.0, 1.0, 1.0, 1.0, 1.0, 0.618, 1.0, 1.0, 1.0, 1.0, 1.0, 1.0, 1.0, 1.0, 1.0, 1.0, 1.0, 1.0, 1.0, 1.0, 0.0, 1.0, 0.485, 1.0, 1.0, 1.0, 1.0, 0.0, 1.0, 0.243, 1.0, 1.0, 1.0, 1.0, 0.0, 1.0, 0.227, 1.0, 1.0, 1.0, 1.0, 0.0, 1.0, 1.0, 1.0, 1.0, 1.0, 0.638, 0.0, 1.0, 1.0, 1.0, 1.0, 
1.0, 1.0, 1.0, 1.0, 1.0, 1.0, 0.392, 1.0, 1.0, 1.0, 1.0, 1.0, 1.0, 1.0, 1.0, 1.0, 0.0, 1.0, 1.0, 1.0, 1.0, 1.0, 1.0, 0.0, 0.956, 1.0, 1.0, 1.0, 0.039, 1.0, 0.0, 1.0, 1.0, 1.0, 1.0, 0.074, 1.0, 0.0, 0.8, 1.0, 1.0, 1.0, 0.004, 1.0, -0.0, 0.92, 1.0, 1.0, 1.0, 1.0, 1.0, 1.0, 1.0, 1.0, 1.0, 1.0, 1.0, 1.0, 1.0, 1.0, 1.0, 1.0, 1.0, 1.0, 1.0, 0.709, 
1.0, 1.0, 1.0, 1.0, 1.0, 1.0, 0.0, 1.0, 1.0, 1.0, 1.0, 1.0, 1.0, 0.0, 1.0, 1.0, 1.0, 1.0, 1.0, 1.0, 1.0, 1.0, 1.0, 1.0, 1.0, 1.0, 1.0, 1.0, 1.0, 1.0, 1.0, 1.0, 1.0, 1.0, 1.0, 1.0, 1.0, 1.0, 1.0, 1.0, 1.0, 0.899, 0.191, 1.0, 1.0, 1.0, 1.0, 1.0, 1.0, 1.0, 0.795, 1.0, 1.0, 1.0, 1.0, 1.0, 1.0, 0.028, 1.0, 1.0, 1.0, 1.0, 1.0, 1.0, -0.0, 1.0, 1.0, 
1.0, 1.0, 1.0, 1.0, 1.0, 1.0, 1.0, 1.0, 1.0, 1.0, 1.0, 1.0, 1.0, 1.0, 1.0, 1.0, 1.0, 1.0, 1.0, 1.0, 1.0, 1.0, 1.0, 1.0, 0.0, 0.779, 0.999, 1.0, 1.0, 1.0]
The multis shape is (from BVLS): (424,)
There are 34 Multis that are NOT on Bounds. Old ones 34
Bench1 sumMultis is 371.6412855557705
------------------------
------------------------
------------------------
------------------------
Counter value is: 0
------------------------
------------------------
Received Msg from UNITY is:
TrofferOrigins$(-2.224, 3.084, -1.240)_(-3.451, 3.084, -1.240)_(-1.608, 3.084, -3.686)_(-4.067, 3.084, -3.686)_(-1.608, 3.084, -6.766)_(-4.067, 3.084, -6.766)_(-2.224, 3.084, -9.230)_(-3.451, 3.084, -9.230)
OG String with Troffer Origins is (-2.224, 3.084, -1.240)_(-3.451, 3.084, -1.240)_(-1.608, 3.084, -3.686)_(-4.067, 3.084, -3.686)_(-1.608, 3.084, -6.766)_(-4.067, 3.084, -6.766)_(-2.224, 3.084, -9.230)_(-3.451, 3.084, -9.230)
Troffer Origins are [array([-2.224,  3.084, -1.24 ]), array([-3.451,  3.084, -1.24 ]), array([-1.608,  3.084, -3.686]), array([-4.067,  3.084, -3.686]), array([-1.608,  3.084, -6.766]), array([-4.067,  3.084, -6.766]), array([-2.224,  3.084, -9.23 ]), array([-3.451,  3.084, -9.23 ])].
------------------------
------------------------
Received Msg from UNITY is:
swap ies profiles to SetForget BVLS$eco$0.5 1.5$(-4.757, 1.773, -1.957)(-0.850, 0.280, 0.807)(-0.474, -0.112, 0.353)(-4.220, 1.700, -10.692)$(0.121, -0.035, -0.992)(-0.072, -0.035, 0.997)(0.997, -0.035, 0.072)(0.442, 0.000, 0.897)$1.000$False$
Acivity is: swap ies profiles to SetForget BVLS
EcoMode is: eco
Threshold1 is 0.5 and Threshold2 is 1.5
OG String is (-4.757, 1.773, -1.957)(-0.850, 0.280, 0.807)(-0.474, -0.112, 0.353)(-4.220, 1.700, -10.692).
Occupand Coords are [(-4.757, 1.773, -1.957), (-0.85, 0.28, 0.807), (-0.474, -0.112, 0.353), (-4.22, 1.7, -10.692)].
OG Gaze Vectors String is (0.121, -0.035, -0.992)(-0.072, -0.035, 0.997)(0.997, -0.035, 0.072)(0.442, 0.000, 0.897).
Occupand Gaze Vectors are [array([ 0.121, -0.035, -0.992]), array([-0.072, -0.035,  0.997]), array([ 0.997, -0.035,  0.072]), array([0.442, 0.   , 0.897])].
The Value of the Dimmer Slider is 1.0.
The Glare Mode is False.
The multis are (from BVLS): [0.382, 1.0, 1.0, 1.0, 1.0, 1.0, 0.462, 0.0, 0.0, -0.0, 1.0, 1.0, 1.0, 1.0, 1.0, 1.0, 1.0, 1.0, 1.0, 1.0, 1.0, 1.0, 1.0, 1.0, 1.0, 1.0, 1.0, 1.0, 1.0, 1.0, 1.0, 1.0, 1.0, 1.0, 1.0, 1.0, 0.0, 1.0, 1.0, 1.0, 1.0, 1.0, 1.0, 0.0, 1.0, 1.0, 1.0, 1.0, 1.0, 1.0, 0.436, 1.0, 1.0, 0.339, 1.0, 1.0, 1.0, 0.696, 0.0, 0.0, 0.0, 0.622, 1.0, 1.0, 1.0, 1.0, 1.0, 1.0, 1.0, 1.0, 1.0, 1.0, 1.0, 1.0, 1.0, 1.0, 1.0, 1.0, 1.0, 1.0, 1.0, 1.0, 1.0, 1.0, 1.0, 1.0, 1.0, 0.0, 1.0, 1.0, 1.0, 1.0, 1.0, 1.0, 0.0, 1.0, 1.0, 1.0, 1.0, 1.0, 1.0, 0.637, 1.0, 1.0, 1.0, 1.0, 1.0, 0.606, 1.0, 1.0, 1.0, 1.0, 1.0, 1.0, 1.0, 1.0, 1.0, 1.0, 1.0, 1.0, 1.0, 0.768, 0.0, 1.0, 0.126, 1.0, 1.0, 1.0, 1.0, 0.0, 1.0, 1.0, 1.0, 1.0, 1.0, 1.0, 0.0, 1.0, 0.313, 1.0, 1.0, 1.0, 1.0, 0.0, 1.0, 1.0, 1.0, 1.0, 1.0, 1.0, 0.266, 1.0, 1.0, 1.0, 1.0, 1.0, 1.0, 1.0, 1.0, 1.0, 1.0, 0.399, 1.0, 1.0, 1.0, 1.0, 1.0, 1.0, 1.0, 1.0, 1.0, 0.0, 0.626, 1.0, 1.0, 1.0, 1.0, 1.0, 0.0, 1.0, 1.0, 1.0, 1.0, 0.0, 1.0, -0.0, 1.0, 1.0, 1.0, 1.0, 0.166, 1.0, 0.0, 1.0, 1.0, 1.0, 1.0, 0.0, 1.0, 0.0, 1.0, 1.0, 1.0, 1.0, 1.0, 1.0, 1.0, 1.0, 1.0, 1.0, 1.0, 1.0, 1.0, 0.618, 1.0, 1.0, 1.0, 1.0, 1.0, 1.0, 1.0, 1.0, 1.0, 1.0, 1.0, 1.0, 1.0, 1.0, 0.0, 1.0, 0.485, 1.0, 1.0, 1.0, 1.0, 0.0, 1.0, 0.243, 1.0, 1.0, 1.0, 1.0, 0.0, 1.0, 0.227, 1.0, 1.0, 1.0, 1.0, 0.0, 1.0, 1.0, 1.0, 1.0, 1.0, 0.638, 0.0, 1.0, 1.0, 1.0, 1.0, 
1.0, 1.0, 1.0, 1.0, 1.0, 1.0, 0.392, 1.0, 1.0, 1.0, 1.0, 1.0, 1.0, 1.0, 1.0, 1.0, 0.0, 1.0, 1.0, 1.0, 1.0, 1.0, 1.0, 0.0, 0.956, 1.0, 1.0, 1.0, 0.039, 1.0, 0.0, 1.0, 1.0, 1.0, 1.0, 0.074, 1.0, 0.0, 0.8, 1.0, 1.0, 1.0, 0.004, 1.0, -0.0, 0.92, 1.0, 1.0, 1.0, 1.0, 1.0, 1.0, 1.0, 1.0, 1.0, 1.0, 1.0, 1.0, 1.0, 1.0, 1.0, 1.0, 1.0, 1.0, 1.0, 0.709, 
1.0, 1.0, 1.0, 1.0, 1.0, 1.0, 0.0, 1.0, 1.0, 1.0, 1.0, 1.0, 1.0, 0.0, 1.0, 1.0, 1.0, 1.0, 1.0, 1.0, 1.0, 1.0, 1.0, 1.0, 1.0, 1.0, 1.0, 1.0, 1.0, 1.0, 1.0, 1.0, 1.0, 1.0, 1.0, 1.0, 1.0, 1.0, 1.0, 1.0, 1.0, 0.899, 0.191, 1.0, 1.0, 1.0, 1.0, 1.0, 1.0, 1.0, 0.795, 1.0, 1.0, 1.0, 1.0, 1.0, 1.0, 0.028, 1.0, 1.0, 1.0, 1.0, 1.0, 1.0, -0.0, 1.0, 1.0, 
1.0, 1.0, 1.0, 1.0, 1.0, 1.0, 1.0, 1.0, 1.0, 1.0, 1.0, 1.0, 1.0, 1.0, 1.0, 1.0, 1.0, 1.0, 1.0, 1.0, 1.0, 1.0, 1.0, 1.0, 0.0, 0.779, 0.999, 1.0, 1.0, 1.0]
The multis shape is (from BVLS): (424,)
There are 34 Multis that are NOT on Bounds. Old ones 34
Activity setForget BVLS multisSum is 371.64. The max multisSum could be Bench1 371.6412855557705. The energySavings are: 0.00.
------------------------
------------------------
IES files of troffer group B have been swapped. The swapping duration was: 1.2118775844573975
{'Troffer 1': 0.8719340635340207, 'Troffer 2': 0.8687756289668415, 'Troffer 3': 0.8865640571482835, 'Troffer 4': 0.8489392949779629, 'Troffer 5': 0.8762614886951169, 'Troffer 6': 0.8473978671801311, 'Troffer 7': 0.9553443105754317, 'Troffer 8': 0.9524956124285812}
Counter value is: 1
------------------------
------------------------
Received Msg from UNITY is:
unity is done blending lights A and B
------------------------
------------------------
Received Msg from UNITY is:
swap ies profiles to SetForget BVLS$ecoPlusPlus$0.5 1.5$(-1.024, 1.773, -8.894)(-3.565, 1.780, -3.832)(-0.474, -0.112, 0.353)(-4.220, 1.700, -10.692)$(0.956, -0.035, -0.291)(0.925, -0.035, -0.378)(0.997, -0.035, 0.072)(0.442, 0.000, 0.897)$1.000$False$
Acivity is: swap ies profiles to SetForget BVLS
EcoMode is: ecoPlusPlus
Threshold1 is 0.5 and Threshold2 is 1.5
OG String is (-1.024, 1.773, -8.894)(-3.565, 1.780, -3.832)(-0.474, -0.112, 0.353)(-4.220, 1.700, -10.692).
Occupand Coords are [(-1.024, 1.773, -8.894), (-3.565, 1.78, -3.832), (-0.474, -0.112, 0.353), (-4.22, 1.7, -10.692)].
OG Gaze Vectors String is (0.956, -0.035, -0.291)(0.925, -0.035, -0.378)(0.997, -0.035, 0.072)(0.442, 0.000, 0.897).
Occupand Gaze Vectors are [array([ 0.956, -0.035, -0.291]), array([ 0.925, -0.035, -0.378]), array([ 0.997, -0.035,  0.072]), array([0.442, 0.   , 0.897])].
The Value of the Dimmer Slider is 1.0.
The Glare Mode is False.
HumanAwareness calculated for multiple people.
ytps [218.1682447  148.29878479  73.27061183 ... 143.47868642 158.08650746
 155.9061502 ]
The multis are (from BVLS): [0.135, 0.319, 1.0, 0.0, 1.0, 1.0, 1.0, 0.602, 0.0, 0.0, 0.0, 1.0, 1.0, 1.0, 1.0, -0.0, 0.0, -0.0, 1.0, 1.0, 1.0, 0.0, 0.0, 0.0, 0.0, 0.0, 0.0, 
0.0, 0.0, 0.0, 0.0, 0.0, 0.0, 0.0, 0.0, 0.0, 0.0, 0.0, 0.396, 0.0, 0.412, -0.0, 0.0, 0.0, 0.0, 0.0, 0.0, 1.0, 0.0, 0.0, 0.0, 0.0, 1.0, 0.0, 0.819, 1.0, 0.0, 0.0, 0.0, 0.0, 
0.0, 0.0, 0.0, 0.0, 1.0, 0.246, 0.0, 0.0, 0.0, 0.0, 0.0, 0.0, 0.0, 0.0, 0.0, 0.0, 0.0, 1.0, 0.0, -0.0, 0.0, 0.0, 0.0, 1.0, 1.0, 0.0, -0.0, 0.0, 0.0, 0.0, 1.0, 1.0, 0.0, 0.0, 0.0, 0.0, -0.0, 1.0, 1.0, -0.0, 0.0, 0.0, 0.0, 0.0, 0.0, 0.961, 1.0, 0.0, 1.0, 0.242, 0.0, 0.0, 0.0, 0.0, 0.0, 0.0, 0.0, 0.0, -0.0, 0.0, 0.0, 0.0, 0.0, 0.0, 0.0, -0.0, 0.0, 0.537, -0.0, 0.0, 0.0, 0.0, 0.07, 0.0, 0.365, 0.0, 0.0, 0.0, 0.0, 0.262, -0.0, 0.0, 0.049, 0.0, 0.0, 0.0, 0.13, 0.0, 0.0, 0.0, 0.0, 0.0, 0.0, 0.0, 0.0, 0.0, -0.0, -0.0, 
0.0, 1.0, 0.0, 0.0, 0.523, 0.0, -0.0, 0.0, 0.0, 1.0, 1.0, 0.0, 0.0, 0.0, -0.0, -0.0, 0.0, 0.203, 0.0, 0.0, 0.0, 0.0, 0.0, 0.0, 0.0, 0.0, 0.0, 0.0, 0.0, 0.371, 0.0, 0.0, 0.0, 0.0, 0.0, 0.0, 0.0, 0.0, 0.0, 0.0, 0.0, 0.0, 0.0, 0.0, 0.0, 0.0, 0.0, 0.0, 0.0, 0.0, 0.0, 0.0, 0.0, 0.0, 0.862, -0.0, 0.0, 0.33, 0.0, 0.0, 1.0, 0.384, 0.0, 0.0, 0.0, 0.0, 0.119, 0.89, 0.864, 0.0, 0.0, 0.0, 0.0, 0.258, 0.418, 0.034, 1.0, 0.0, 0.0, 0.0, 0.533, 0.0, 0.171, 1.0, 0.0, 0.0, 0.0, 0.169, 0.0, 0.721, 0.451, 0.0, 0.0, 0.0, 0.063, 0.0, 0.604, 0.0, 0.0, 0.0, 0.0, 0.0, 0.0, 0.0, 0.0, 0.0, 1.0, 0.0, 0.065, 0.0, 0.673, 0.0, 0.0, 0.0, 1.0, 0.199, 0.0, 0.0, 0.0, 0.0, -0.0, 0.46, 0.882, 0.0, 0.0, 0.47, 0.0, 0.0, 0.64, 0.286, 0.039, 0.0, 0.801, 0.944, 0.0, 0.495, 0.0, 0.065, 0.0, 0.0, 0.0, -0.0, 0.611, 0.0, 0.0, 0.0, 0.0, 0.0, 0.0, 0.619, 0.0, -0.0, 0.0, -0.0, 0.0, 0.0, 0.0, 1.0, 0.0, 0.0, 0.0, 0.274, 0.29, 0.031, 0.01, 0.65, -0.0, 1.0, -0.0, 0.0, 1.0, 0.044, 0.659, 0.0, 0.0, 0.0, 0.0, 1.0, 0.004, 0.557, 0.0, 0.0, 0.0, 0.0, 1.0, 0.0, 0.686, 0.0, 0.224, 0.0, -0.0, 0.0, 0.109, 0.501, 0.0, 0.277, 0.0, 1.0, 1.0, 0.257, 0.534, 0.363, 0.131, 0.0, 0.0, 1.0, 0.349, 0.0, 0.0, 0.0, 0.0, 0.0, 0.0, 0.0, 0.0, 0.195, 0.03, 1.0, 0.053, 0.365, 0.0, 0.0, 0.899, 0.0, -0.0, 0.0, 0.0, 0.0, -0.0, 0.229, 0.0, 0.0, 0.0, 0.0, 0.0, 0.0, -0.0, 0.0, 0.362, 0.0, 0.161, 0.0, 0.0, 0.06, 0.0, 0.702, 0.0, 0.363, 0.0, 1.0, 1.0, 0.0, 0.0, 0.0, 0.081, 0.0, 0.903, 1.0, 0.0, 0.0, 0.0, 0.0, 0.0, 0.0, 0.0, 0.209]
The multis shape is (from BVLS): (424,)
There are 82 Multis that are NOT on Bounds. Old ones 82
Activity setForget BVLS multisSum is 75.32. The max multisSum could be Bench1 371.6412855557705. The energySavings are: 79.73.
------------------------
------------------------
IES files of troffer group A have been swapped. The swapping duration was: 1.7232942581176758
{'Troffer 1': 0.28527966148171796, 'Troffer 2': 0.25496977698718243, 'Troffer 3': 0.20063476230983837, 'Troffer 4': 0.15491591632850055, 'Troffer 5': 0.24251263459607772, 'Troffer 6': 0.18748850690776117, 'Troffer 7': 0.20910201389375227, 'Troffer 8': 0.13136416432627915}
Counter value is: 2
------------------------
------------------------
Received Msg from UNITY is:
swap ies profiles to SetForget BVLS$ecoPlusPlus$0.5 1.5$(-1.025, 1.773, -8.894)(-3.589, 1.780, -3.809)(-0.474, -0.112, 0.353)(-4.220, 1.700, -10.692)$(0.956, -0.035, -0.291)(0.930, -0.035, -0.365)(0.997, -0.035, 0.072)(0.442, 0.000, 0.897)$1.000$False$
Acivity is: swap ies profiles to SetForget BVLS
EcoMode is: ecoPlusPlus
Threshold1 is 0.5 and Threshold2 is 1.5
OG String is (-1.025, 1.773, -8.894)(-3.589, 1.780, -3.809)(-0.474, -0.112, 0.353)(-4.220, 1.700, -10.692).
Occupand Coords are [(-1.025, 1.773, -8.894), (-3.589, 1.78, -3.809), (-0.474, -0.112, 0.353), (-4.22, 1.7, -10.692)].
OG Gaze Vectors String is (0.956, -0.035, -0.291)(0.930, -0.035, -0.365)(0.997, -0.035, 0.072)(0.442, 0.000, 0.897).
Occupand Gaze Vectors are [array([ 0.956, -0.035, -0.291]), array([ 0.93 , -0.035, -0.365]), array([ 0.997, -0.035,  0.072]), array([0.442, 0.   , 0.897])].
The Value of the Dimmer Slider is 1.0.
The Glare Mode is False.
HumanAwareness calculated for multiple people.
ytps [218.1682447  148.29878479  73.27061183 ... 143.81711912 156.98600783
 153.37652439]
The multis are (from BVLS): [0.135, 0.319, 1.0, 0.0, 1.0, 1.0, 1.0, 0.602, 0.0, -0.0, -0.0, 1.0, 1.0, 1.0, 1.0, -0.0, 0.0, 0.0, 1.0, 1.0, 1.0, -0.0, 0.0, 0.0, 0.0, 0.0, 0.0, 0.0, 0.0, 0.0, 0.0, 0.0, 0.0, 0.0, 0.0, 0.0, 0.0, 0.0, 0.396, 0.0, 0.413, -0.0, 0.0, 0.0, 0.0, 0.0, 0.0, 1.0, -0.0, 0.0, 0.0, 0.0, 1.0, 0.0, 0.819, 1.0, 0.0, 0.0, 0.0, 0.0, 0.0, 0.0, 0.0, 0.0, 1.0, 0.247, 0.0, 0.0, 0.0, 0.0, 0.0, 0.0, 0.0, 0.0, 0.0, 0.0, 0.0, 1.0, -0.0, 0.0, 0.0, 0.0, 0.0, 1.0, 1.0, 0.0, 0.0, 0.0, 0.0, 0.0, 1.0, 1.0, 0.0, 0.0, 0.0, 0.0, 0.0, 1.0, 1.0, 0.0, 0.0, 0.0, 0.0, 0.0, 0.0, 0.959, 1.0, 0.0, 1.0, 0.235, 0.0, -0.0, 0.0, 0.0, 0.0, 0.0, -0.0, 0.0, 0.0, 0.0, 0.0, 0.0, 0.0, 0.0, 0.0, 0.0, 0.0, 0.535, -0.0, 0.0, 0.0, 0.0, 0.071, 0.0, 0.375, 0.0, 0.0, 0.0, 0.0, 0.262, 0.0, 0.0, 0.048, 0.0, 0.0, 0.0, 0.132, -0.0, 0.0, 0.0, 0.0, 0.0, 0.0, 0.0, 0.0, 0.0, 0.0, 0.0, 
0.0, 1.0, 0.0, 0.0, 0.519, 0.0, 0.0, 0.0, 0.0, 1.0, 1.0, 0.0, 0.0, 0.0, 0.0, -0.0, 0.0, 0.202, 0.0, 0.0, 0.0, 0.0, 0.0, 0.0, 0.0, 0.0, 0.0, 0.0, 0.0, 0.372, 0.0, 0.0, 0.0, 
0.0, 0.0, 0.0, 0.0, 0.0, 0.0, 0.0, 0.0, 0.0, 0.0, 0.0, 0.0, 0.0, 0.0, 0.0, 0.0, 0.0, 0.0, 0.0, 0.0, 0.0, 0.86, 0.0, 0.0, 0.324, 0.0, 0.0, 1.0, 0.364, 0.0, 0.0, 0.0, 0.0, 0.101, 0.903, 0.866, 0.0, 0.0, -0.0, 0.0, 0.289, 0.488, 0.023, 1.0, -0.0, 0.0, 0.0, 0.669, 0.0, 0.158, 1.0, 0.0, 0.0, 0.0, 0.264, -0.0, 0.7, 0.494, 0.0, 0.0, 0.0, 0.055, 0.0, 0.608, 0.0, -0.0, 0.0, 0.0, 0.0, 0.0, 0.0, 0.0, -0.0, 1.0, 0.0, 0.071, 0.0, 0.684, -0.0, 0.0, 0.0, 1.0, 0.204, 0.0, 0.0, 0.0, 0.0, -0.0, 0.467, 0.885, 0.0, 0.0, 0.242, 0.0, 0.0, 0.64, 0.288, 0.047, 0.0, 0.894, 0.801, 0.0, 0.515, 0.0, 0.071, 0.0, 0.0, 0.0, 0.0, 0.614, 0.0, 0.006, 0.0, 0.0, 0.0, 0.0, 0.627, 0.0, 0.0, 0.0, 0.0, 0.0, 0.0, 0.0, 1.0, 0.0, 0.0, 0.0, 0.277, 0.288, 0.035, 0.0, 0.42, 0.0, 1.0, 0.0, 0.0, 1.0, 0.05, 0.657, 0.0, 0.0, 0.0, 0.0, 1.0, 0.006, 0.559, 0.0, 0.0, 0.0, 0.0, 1.0, 0.001, 0.69, 0.0, 0.229, 0.0, -0.0, 0.0, 0.113, 0.502, 0.0, 0.279, 0.0, 1.0, 1.0, 0.258, 0.539, 0.37, 0.136, -0.0, -0.0, 1.0, 0.354, 0.0, 0.0, 0.0, 0.0, 0.0, 0.0, 0.0, 0.0, 0.194, 0.029, 1.0, 0.072, 0.374, 0.0, 0.0, 0.901, 0.0, -0.0, -0.0, 0.0, 0.0, 0.0, 0.235, 0.0, 0.0, 0.0, 0.0, 0.0, 0.0, 0.0, 0.0, 0.363, 0.0, 0.167, -0.0, 0.0, 0.064, 0.0, 0.706, -0.0, 0.364, 0.0, 1.0, 1.0, 0.0, 0.0, 0.0, 0.083, 0.0, 0.901, 1.0, 0.0, 0.0, 0.0, 0.0, 0.0, 0.0, 0.0, 0.207]
The multis shape is (from BVLS): (424,)
There are 83 Multis that are NOT on Bounds. Old ones 83
Activity setForget BVLS multisSum is 75.29. The max multisSum could be Bench1 371.6412855557705. The energySavings are: 79.74.
------------------------
------------------------
IES files of troffer group B have been swapped. The swapping duration was: 1.7311692237854004
{'Troffer 1': 0.2853164725020539, 'Troffer 2': 0.25494401252965054, 'Troffer 3': 0.20037142707376154, 'Troffer 4': 0.15466404843117662, 'Troffer 5': 0.24607252853949185, 'Troffer 6': 0.18636591518984846, 'Troffer 7': 0.20721622668689807, 'Troffer 8': 0.13195191253785432}
Counter value is: 3
------------------------
------------------------
Received Msg from UNITY is:
unity is done blending lights A and B
------------------------
------------------------
Received Msg from UNITY is:
unity is done blending lights A and B
------------------------
------------------------
Received Msg from UNITY is:
swap ies profiles to SetForget BVLS$ecoPlusPlus$0.5 1.5$(-0.987, 1.773, -8.901)(-3.717, 1.280, -3.466)(-0.474, -0.112, 0.353)(-4.220, 1.700, -10.692)$(0.999, -0.035, -0.015)(0.998, -0.035, 0.051)(0.997, -0.035, 0.072)(0.442, 0.000, 0.897)$1.000$False$
Acivity is: swap ies profiles to SetForget BVLS
EcoMode is: ecoPlusPlus
Threshold1 is 0.5 and Threshold2 is 1.5
OG String is (-0.987, 1.773, -8.901)(-3.717, 1.280, -3.466)(-0.474, -0.112, 0.353)(-4.220, 1.700, -10.692).
Occupand Coords are [(-0.987, 1.773, -8.901), (-3.717, 1.28, -3.466), (-0.474, -0.112, 0.353), (-4.22, 1.7, -10.692)].
OG Gaze Vectors String is (0.999, -0.035, -0.015)(0.998, -0.035, 0.051)(0.997, -0.035, 0.072)(0.442, 0.000, 0.897).
Occupand Gaze Vectors are [array([ 0.999, -0.035, -0.015]), array([ 0.998, -0.035,  0.051]), array([ 0.997, -0.035,  0.072]), array([0.442, 0.   , 0.897])].
The Value of the Dimmer Slider is 1.0.
The Glare Mode is False.
HumanAwareness calculated for multiple people.
ytps [218.1682447  148.29878479  73.27061183 ... 256.01331413 243.49707303
 209.33764816]
The multis are (from BVLS): [0.129, 0.304, 1.0, 0.0, 1.0, 1.0, 1.0, 0.579, 0.0, 0.0, 0.0, 1.0, 1.0, 1.0, 1.0, 0.0, 0.0, 0.0, 1.0, 1.0, 1.0, -0.0, -0.0, 0.0, 0.0, 0.0, 0.0, 
0.0, 0.0, 0.0, 0.0, 0.0, 0.0, -0.0, 0.0, 0.0, 0.0, 0.0, 0.455, 0.0, 0.413, 0.0, 0.0, 0.0, 0.0, 0.0, 0.0, 1.0, -0.0, 0.0, 0.0, 0.0, 1.0, 0.0, 0.86, 1.0, 0.0, 0.0, 0.0, 0.0, 
0.0, 0.0, 0.0, 0.0, 1.0, 0.273, 0.0, 0.0, 0.0, 0.0, 0.0, 0.0, 0.0, 0.0, 0.0, 0.0, 0.0, 1.0, 0.0, 0.0, 0.0, 0.0, 0.0, 1.0, 1.0, 0.0, 0.0, 0.0, 0.0, 0.0, 1.0, 1.0, 0.0, 0.0, 
0.0, 0.0, 0.0, 1.0, 1.0, 0.0, 0.0, 0.0, 0.0, 0.0, 0.0, 1.0, 1.0, 0.0, 1.0, 0.429, 0.0, 0.0, 0.0, 0.0, 0.0, 0.0, 0.0, 0.0, 0.0, 0.0, 0.0, 0.0, 0.0, 0.0, 0.0, 0.0, 0.0, 0.651, 0.0, 0.0, 0.0, 0.0, 0.07, 0.0, 0.011, 0.0, 0.0, 0.0, 0.0, 0.273, 0.0, 0.0, 0.028, 0.0, 0.0, 0.0, 0.067, 0.0, 0.0, 0.0, 0.0, 0.0, 0.0, 0.0, 0.0, 0.0, 0.0, -0.0, 0.0, 1.0, 
0.0, 0.0, 0.499, 0.0, -0.0, 0.0, 0.0, 1.0, 1.0, 0.0, 0.0, 0.0, -0.0, -0.0, 0.0, 0.194, 0.0, 0.0, 0.0, 0.0, 0.0, 0.0, 0.0, 0.0, 0.0, 0.0, 0.0, 0.473, 0.0, 0.0, 0.0, 0.0, 0.0, -0.0, 0.0, 0.0, 0.0, 0.0, 0.0, 0.0, 0.0, 0.0, 0.0, 0.0, 0.0, 0.0, 0.0, 0.0, -0.0, 0.0, 0.0, 0.0, 0.64, -0.0, 0.0, 0.063, 0.0, 0.0, 1.0, 0.892, 0.0, 0.0, 0.0, 0.0, 0.029, 
0.962, 0.656, 0.0, 0.0, 0.0, 0.0, 0.0, 0.0, 0.0, 1.0, -0.0, 0.0, 0.0, 0.859, 0.0, 1.0, 1.0, 0.407, -0.0, 0.0, 1.0, -0.0, 1.0, 1.0, 0.388, 0.0, 0.0, 0.113, 0.0, 0.314, 0.0, 
0.0, 0.0, 0.0, 0.0, 0.0, 0.0, 0.0, -0.0, 1.0, 0.0, 0.144, 0.0, 0.529, -0.0, 0.0, 0.0, 0.836, 0.05, 0.0, 0.0, 0.0, 0.0, -0.0, 0.45, 0.804, 0.0, 0.0, 0.0, 0.0, 0.0, 0.565, 0.206, 0.0, 0.0, 1.0, 1.0, 0.0, 0.395, 0.0, 0.0, 0.0, 1.0, 1.0, 0.0, 0.458, 0.0, 0.0, 0.0, 0.0, 0.0, 0.0, 0.456, 0.0, -0.0, 0.0, 0.0, 0.0, 0.0, 0.0, 1.0, 0.0, 0.0, 0.163, 0.263, 0.245, 0.0, 0.668, 1.0, 0.0, 1.0, 0.0, 0.0, 1.0, 0.0, 0.0, 0.0, 1.0, 0.0, 0.0, 1.0, 0.04, 0.27, 0.0, -0.0, 0.0, 0.0, 1.0, 0.0, 0.725, 0.0, 0.165, 0.0, 0.0, -0.0, 0.082, 0.568, 0.0, 0.304, -0.0, 0.939, 1.0, 0.254, 0.637, 0.451, 0.187, 0.107, 0.0, 1.0, 0.434, 0.0, 0.0, 0.0, 0.0, 0.0, 0.0, 0.0, 0.0, 0.185, 0.007, 1.0, 1.0, 1.0, 0.0, 0.0, 0.72, 0.0, 0.0, 1.0, 0.259, 0.0, 0.0, 0.107, 0.0, 0.0, 0.0, 0.0, 0.0, 0.0, -0.0, 0.0, 0.252, 0.0, 0.0, 0.0, 0.0, 0.0, 0.0, 0.527, 0.0, 0.256, 0.0, 1.0, 1.0, 0.0, 0.0, 0.0, 0.053, 0.0, 0.975, 1.0, 0.0, 0.0, 0.0, 0.0, 0.0, 0.0, 0.0, 0.243]
The multis shape is (from BVLS): (424,)
There are 69 Multis that are NOT on Bounds. Old ones 69
Activity setForget BVLS multisSum is 82.01. The max multisSum could be Bench1 371.6412855557705. The energySavings are: 77.93.
------------------------
------------------------
IES files of troffer group A have been swapped. The swapping duration was: 1.3519926071166992
{'Troffer 1': 0.28413683401720013, 'Troffer 2': 0.25894725970057036, 'Troffer 3': 0.2054529603767675, 'Troffer 4': 0.15617412095951125, 'Troffer 5': 0.26106464042379335, 'Troffer 6': 0.18775272960478262, 'Troffer 7': 0.23382924288982368, 'Troffer 8': 0.151698429151108}
Counter value is: 4
------------------------
------------------------
Received Msg from UNITY is:
unity is done blending lights A and B
------------------------
------------------------
Received Msg from UNITY is:
swap ies profiles to SetForget BVLS$ecoPlusPlus$0.5 1.5$(-1.002, 1.773, -8.819)(-3.586, 1.280, -3.388)(-2.297, 1.388, -1.691)(-4.220, 1.700, -10.692)$(0.975, -0.035, -0.219)(0.990, -0.035, 0.139)(-0.643, -0.035, -0.765)(0.442, 0.000, 0.897)$1.000$False$
Acivity is: swap ies profiles to SetForget BVLS
EcoMode is: ecoPlusPlus
Threshold1 is 0.5 and Threshold2 is 1.5
OG String is (-1.002, 1.773, -8.819)(-3.586, 1.280, -3.388)(-2.297, 1.388, -1.691)(-4.220, 1.700, -10.692).
Occupand Coords are [(-1.002, 1.773, -8.819), (-3.586, 1.28, -3.388), (-2.297, 1.388, -1.691), (-4.22, 1.7, -10.692)].
OG Gaze Vectors String is (0.975, -0.035, -0.219)(0.990, -0.035, 0.139)(-0.643, -0.035, -0.765)(0.442, 0.000, 0.897).
Occupand Gaze Vectors are [array([ 0.975, -0.035, -0.219]), array([ 0.99 , -0.035,  0.139]), array([-0.643, -0.035, -0.765]), array([0.442, 0.   , 0.897])].
The Value of the Dimmer Slider is 1.0.
The Glare Mode is False.
HumanAwareness calculated for multiple people.
ytps [ 50.          50.          50.         ... 273.20881943 251.59404566
 209.87489105]
The multis are (from BVLS): [0.14, 0.342, 1.0, 0.0, 1.0, 1.0, 1.0, 0.636, 0.0, 0.0, 0.0, 1.0, 1.0, 1.0, 1.0, -0.0, 0.0, 0.0, 1.0, 1.0, 1.0, -0.0, 0.0, -0.0, 0.0, 0.0, 0.0, 
0.0, 0.0, 0.0, 0.0, 0.0, 0.0, 0.017, 0.0, 0.0, 0.0, 0.0, 0.519, 0.0, 0.454, -0.0, 0.0, 0.0, 0.0, 0.0, 0.0, 1.0, 0.0, 0.0, 0.0, 0.0, 1.0, 0.0, 0.742, 1.0, 0.0, 0.0, 0.0, 0.0, 0.0, 0.0, 0.0, 0.0, 1.0, 0.235, 0.0, 0.0, 0.0, 0.0, 0.0, 0.0, 0.0, 0.0, 0.0, 0.0, 0.0, 0.867, 0.0, 0.0, 0.0, 0.0, 0.0, 1.0, 1.0, 0.0, -0.0, 0.0, 0.0, 0.0, 1.0, 1.0, 0.0, 
0.0, 0.0, 0.0, -0.0, 1.0, 1.0, 0.0, 0.0, 0.0, 0.0, 0.0, 0.0, 1.0, 1.0, 0.0, 1.0, 0.245, 0.0, 0.0, 0.0, 0.0, 0.0, 0.0, 0.0, 0.0, 0.0, 0.0, 0.0, 0.0, 0.0, 0.0, 0.0, 0.0, 0.0, 0.617, 0.0, 0.0, 0.0, 0.0, 0.088, 0.0, 0.097, 0.0, 0.0, 0.0, 0.0, 0.265, 0.0, 0.0, 0.0, 0.0, 0.0, 0.0, 0.09, 0.0, 0.0, 0.0, 0.0, -0.0, 0.0, 0.0, -0.0, 0.0, 0.0, 0.0, 0.0, 
1.0, 0.0, 0.0, 0.364, 0.0, 0.0, 0.0, 0.0, 1.0, 1.0, 0.0, 0.0, 0.0, 0.0, 0.0, 0.0, 1.0, 0.0, 0.0, 0.0, 0.0, 0.0, 0.0, 0.0, 0.0, 0.0, -0.0, 0.0, 0.33, 0.0, 0.0, 0.0, 0.0, 0.0, 0.0, 0.0, 0.0, 0.0, 0.0, 0.0, 0.0, 0.0, 0.0, 0.0, 0.0, 0.0, 0.0, 0.0, 0.0, 0.0, 0.0, 0.0, 0.0, 0.762, 0.0, 0.0, 0.0, 0.0, 0.0, 0.958, 0.763, 0.0, 0.0, 0.0, 0.0, 0.016, 0.913, 0.707, 0.0, 0.0, 0.0, 0.0, 0.059, 0.0, 0.0, 1.0, -0.0, 0.0, 0.0, 0.0, 0.0, 1.0, 1.0, 1.0, 0.0, 0.0, 0.338, -0.0, 1.0, 1.0, 1.0, 0.0, 0.0, 0.0, 0.0, 0.244, 0.042, 0.085, -0.0, 0.0, 0.0, 0.0, 0.0, 0.0, 1.0, 0.0, 0.0, 0.263, 0.0, 0.205, 0.0, 0.0, 0.0, 0.978, 0.125, 0.0, 0.0, 0.0, 0.0, 0.0, 0.4, 0.808, 0.0, 0.0, 0.0, 0.0, 0.0, 0.495, 0.228, 
0.0, 0.0, 1.0, 1.0, 0.0, 0.417, 0.0, 0.0, 0.0, 1.0, 1.0, 0.0, 0.279, 0.0, 0.0, 0.0, 0.0, 0.0, 1.0, 0.0, 0.0, 0.0, 0.0, 0.0, 0.725, 1.0, 0.0, 0.0, 0.0, 0.0, 0.203, 0.3, 0.0, 0.012, 0.181, 1.0, -0.0, 1.0, 0.0, 0.0, 1.0, 0.064, 0.0, 0.0, 1.0, 0.0, 0.0, 0.936, 0.024, 0.364, 0.0, 0.274, 1.0, 1.0, 0.467, 0.0, 0.66, 0.0, 0.0, 0.0, -0.0, 0.317, 0.12, 0.429, 0.0, 0.0, 0.0, 0.0, 0.668, 0.246, 0.754, 0.542, 0.423, 0.002, 0.0, 0.0, 0.528, 0.0, 0.0, 0.0, 0.0, 0.0, 0.0, 0.0, 0.0, 0.25, 0.016, 1.0, 1.0, 1.0, 0.0, 0.0, 0.867, 
0.135, 0.0, 1.0, 1.0, 0.0, 0.0, 0.33, 0.001, 0.0, 0.0, 1.0, 1.0, 0.0, 0.491, 0.0, 0.403, 0.0, 0.787, 1.0, 0.0, 0.55, 0.0, 0.727, -0.0, 0.0, 0.0, 0.0, 0.446, 0.054, 0.0, 0.0, 0.309, 0.252, 0.478, 0.638, 0.168, 0.0, 0.0, 0.0, 0.0, 0.0, 0.0, 0.469]
The multis shape is (from BVLS): (424,)
There are 79 Multis that are NOT on Bounds. Old ones 79
Activity setForget BVLS multisSum is 86.74. The max multisSum could be Bench1 371.6412855557705. The energySavings are: 76.66.
------------------------
------------------------
IES files of troffer group B have been swapped. The swapping duration was: 1.5189664363861084
{'Troffer 1': 0.2900615289217684, 'Troffer 2': 0.24778746178395875, 'Troffer 3': 0.1933195604286384, 'Troffer 4': 0.15143605647348277, 'Troffer 5': 0.25803026787191435, 'Troffer 6': 0.18550183243958654, 'Troffer 7': 0.21234977928936122, 'Troffer 8': 0.25092781292240085}
Counter value is: 5
------------------------
------------------------
Received Msg from UNITY is:
unity is done blending lights A and B
------------------------
------------------------
Received Msg from UNITY is:
swap ies profiles to SetForget BVLS$ecoPlusPlus$0.5 1.5$(-1.577, 1.773, -8.500)(-3.574, 1.280, -3.425)(-2.133, 0.888, -1.741)(-4.220, 1.700, -10.692)$(-0.646, -0.035, -0.763)(0.997, -0.035, -0.064)(-0.789, -0.035, -0.614)(0.442, 0.000, 0.897)$1.000$False$
Acivity is: swap ies profiles to SetForget BVLS
EcoMode is: ecoPlusPlus
Threshold1 is 0.5 and Threshold2 is 1.5
OG String is (-1.577, 1.773, -8.500)(-3.574, 1.280, -3.425)(-2.133, 0.888, -1.741)(-4.220, 1.700, -10.692).
Occupand Coords are [(-1.577, 1.773, -8.5), (-3.574, 1.28, -3.425), (-2.133, 0.888, -1.741), (-4.22, 1.7, -10.692)].
OG Gaze Vectors String is (-0.646, -0.035, -0.763)(0.997, -0.035, -0.064)(-0.789, -0.035, -0.614)(0.442, 0.000, 0.897).
Occupand Gaze Vectors are [array([-0.646, -0.035, -0.763]), array([ 0.997, -0.035, -0.064]), array([-0.789, -0.035, -0.614]), array([0.442, 0.   , 0.897])].
The Value of the Dimmer Slider is 1.0.
The Glare Mode is False.
HumanAwareness calculated for multiple people.
ytps [ 50.          50.          50.         ... 275.44858744 257.24627426
 217.40152939]
The multis are (from BVLS): [0.288, 0.545, 0.0, 0.0, 1.0, 1.0, 1.0, 0.688, 0.0, 0.0, 0.0, 1.0, 1.0, 1.0, 1.0, 0.0, 0.0, 0.0, 1.0, 1.0, 1.0, 0.137, 0.0, 0.0, 0.0, 0.0, 0.0, 
0.0, 0.0, 0.0, 0.0, 0.0, 0.0, 0.324, 0.0, 0.0, 0.0, 0.167, 0.013, 0.0, 0.736, -0.0, 0.0, 0.0, 0.271, 0.41, 0.0, 1.0, -0.0, 0.0, -0.0, -0.0, 1.0, 0.0, 0.54, 0.682, 0.0, 0.0, 0.0, 0.0, 0.0, 0.0, 0.0, 0.0, 1.0, 0.466, 0.0, 0.0, 0.0, 0.0, 0.0, 0.142, 0.0, 0.0, 0.0, 0.0, 0.0, 0.0, 0.0, -0.0, 0.0, 0.0, 0.0, 0.0, 0.94, 0.0, -0.0, 0.0, 0.0, 0.0, 1.0, 1.0, 0.0, 0.0, 0.0, 0.0, 0.0, 1.0, 1.0, 0.0, 0.0, 0.0, 0.0, 0.0, 0.0, 1.0, 1.0, 0.0, 1.0, 0.192, 0.0, 0.0, 0.0, 0.0, 0.0, 0.0, -0.0, 0.0, 0.0, 0.0, 0.0, 0.0, 0.0, 0.0, 0.0, 0.0, 0.0, 0.51, 0.0, 0.0, 0.0, 0.0, 0.18, 0.0, 0.363, 0.0, 0.0, 0.0, 0.0, 0.286, -0.0, 0.0, 0.0, 0.0, 0.0, 0.0, 0.179, 0.0, 0.0, 0.0, 0.0, 0.0, 0.0, 0.0, 0.0, 0.0, 0.0, -0.0, 0.0, 1.0, 0.0, -0.0, 0.375, 0.0, 0.0, 0.0, 0.0, 1.0, 1.0, 0.07, 0.0, 0.0, 0.0, 0.101, 0.0, 1.0, 0.0, 0.0, 0.0, 0.0, 0.231, 0.0, 0.0, 0.0, 0.0, 0.0, 0.0, 0.353, 0.0, 0.0, 0.0, 0.0, 0.0, -0.0, 0.0, 0.0, 0.0, 0.0, 0.0, -0.0, 0.0, 0.0, 0.0, 0.0, 0.0, 0.0, 0.0, 0.0, -0.0, 0.0, 0.0, 0.0, 0.877, 0.0, 0.0, 0.0, 0.0, 0.0, 0.887, 0.4, 0.0, 0.0, 0.0, 0.0, 0.07, 0.948, 0.689, 0.0, 0.0, -0.0, 0.0, 0.178, 0.0, 0.0, 1.0, -0.0, 0.0, 0.0, 0.0, 0.0, 1.0, 1.0, 1.0, -0.0, 0.0, 0.322, 0.0, 1.0, 1.0, 0.505, -0.0, 0.0, 0.0, 0.0, 0.0, 0.0, 1.0, 0.448, 0.0, 0.0, 0.0, 0.0, 0.0, 1.0, 0.0, 0.142, 0.016, 0.0, 0.117, 0.0, 0.0, 0.0, 0.961, 0.312, 0.0, 0.0, 0.0, 0.0, 0.0, 0.325, 0.796, 0.0, 0.0, 0.097, 0.0, 0.0, 0.605, 0.098, 0.0, 0.0, 1.0, 1.0, 0.0, 0.0, 0.0, 0.0, 0.0, 1.0, 1.0, -0.0, 0.624, 0.0, 0.0, 0.0, 0.0, 0.0, 1.0, 1.0, 0.0, -0.0, 0.0, -0.0, 0.595, 1.0, 1.0, 0.0, 0.0, 0.0, 0.242, 0.277, 0.0, 0.0, 0.252, 1.0, 0.0, 1.0, 0.304, 0.0, 1.0, 0.157, 0.0, 0.0, 1.0, 0.0, 0.0, 0.708, 0.121, -0.0, 0.0, 0.225, 1.0, 1.0, 0.0, 0.118, 0.172, 0.0, 0.0, 
1.0, 1.0, 0.0, 0.179, 0.173, 0.0, 0.0, 0.0, 0.0, 0.106, 0.253, 0.784, 0.458, 0.029, 0.0, 0.0, 0.0, 0.62, 0.0, 0.0, 0.0, 0.0, 0.0, 0.0, 0.0, 0.0, 0.146, 0.0, 1.0, 1.0, 1.0, 
0.0, 0.0, 1.0, 0.348, 0.0, 0.864, 0.851, 0.805, 0.0, 0.175, 0.0, 0.887, 0.0, 1.0, 1.0, 1.0, 0.931, 0.059, 1.0, 0.0, 1.0, 1.0, 1.0, 0.845, 0.026, 1.0, 0.0, 0.0, 0.955, 0.0, 
0.405, 0.026, 0.029, 0.414, 0.223, 0.0, 0.295, 0.804, 0.157, 0.0, 0.0, 0.0, 0.0, 0.0, 0.0, 0.632]
The multis shape is (from BVLS): (424,)
There are 87 Multis that are NOT on Bounds. Old ones 87
Activity setForget BVLS multisSum is 94.26. The max multisSum could be Bench1 371.6412855557705. The energySavings are: 74.64.
------------------------
------------------------
IES files of troffer group A have been swapped. The swapping duration was: 1.6544454097747803
{'Troffer 1': 0.25618676889887, 'Troffer 2': 0.18781447456419487, 'Troffer 3': 0.19784192987986154, 'Troffer 4': 0.16018815732247974, 'Troffer 5': 0.2702895479794084, 'Troffer 6': 0.19237115523478893, 'Troffer 7': 0.21619515459601074, 'Troffer 8': 0.3496384303436736}
Counter value is: 6
------------------------
------------------------
Received Msg from UNITY is:
unity is done blending lights A and B
------------------------
------------------------
Received Msg from UNITY is:
swap ies profiles to Table BVLS$ecoPlusPlus$0.5 1.5$(-2.080, 1.273, -8.558)(-3.568, 1.280, -3.422)(-2.014, 0.888, -1.772)(-4.220, 1.700, -10.692)$(-0.628, -0.035, -0.778)(0.991, -0.035, -0.131)(-0.963, -0.035, -0.267)(0.442, 0.000, 0.897)$1.000$False$
Acivity is: swap ies profiles to Table BVLS
EcoMode is: ecoPlusPlus
Threshold1 is 0.5 and Threshold2 is 1.5
OG String is (-2.080, 1.273, -8.558)(-3.568, 1.280, -3.422)(-2.014, 0.888, -1.772)(-4.220, 1.700, -10.692).
Occupand Coords are [(-2.08, 1.273, -8.558), (-3.568, 1.28, -3.422), (-2.014, 0.888, -1.772), (-4.22, 1.7, -10.692)].
OG Gaze Vectors String is (-0.628, -0.035, -0.778)(0.991, -0.035, -0.131)(-0.963, -0.035, -0.267)(0.442, 0.000, 0.897).
Occupand Gaze Vectors are [array([-0.628, -0.035, -0.778]), array([ 0.991, -0.035, -0.131]), array([-0.963, -0.035, -0.267]), array([0.442, 0.   , 0.897])].
The Value of the Dimmer Slider is 1.0.
The Glare Mode is False.
HumanAwareness calculated for multiple people.
ytps [ 25.          25.          25.         ... 276.0962979  257.51977729
 217.37759634]
The multis are (from BVLS): [0.0, 0.11, 0.0, 0.0, 0.573, 0.0, 0.0, 0.0, 0.0, 0.0, 0.0, 0.446, 0.649, 0.577, 0.182, 0.0, 0.0, 0.0, 0.073, 0.379, 0.0, 0.0, 0.0, 0.0, 0.047, 0.0, 0.235, 0.0, 0.0, 0.0, 0.0, 0.0, 0.0, 0.187, 0.0, 0.0, 1.0, 1.0, 0.0, 0.0, 0.293, 0.0, 0.0, 1.0, 1.0, 0.03, 0.0, 0.312, 0.0, 0.0, 0.0, 0.0, 1.0, 0.0, 0.0, 0.087, 0.0, 0.0, 0.0, 0.0, 0.0, 0.0, 0.0, 0.0, 0.0, 0.0, 0.0, 0.0, 0.0, 0.103, 0.087, 0.071, 0.0, 0.0, 0.0, 0.0, 0.313, 0.0, 0.015, 0.0, 0.425, 0.0, 0.0, 0.146, 0.0, 0.225, 0.0, 1.0, 1.0, 0.0, 0.124, 0.06, 0.226, 0.0, 1.0, 1.0, 0.0, 0.36, 0.023, 0.784, 0.0, 0.0, 0.375, 0.0, 0.05, 0.0, 0.147, 0.0, 0.045, 0.323, 0.0, 0.0, 0.0, 0.0, 0.0, 1.0, 0.575, 0.0, 0.0, 0.0, 0.0, 0.0, 1.0, 1.0, 0.0, 0.023, 0.0, 0.193, 0.0, 0.098, -0.0, 0.0, 0.001, 0.0, -0.0, 0.588, 0.0, 0.0, 0.0, 0.081, 0.103, 0.055, 0.218, 0.0, 0.0, 0.0, 0.121, 0.0, 0.0, 0.127, 0.312, 0.0, 0.0, 0.0, 0.0, 0.0, 0.103, 0.0, 0.0, 0.026, 0.0, 0.0, 0.297, 0.0, 1.0, 1.0, 0.0, 0.0, 0.0, 0.0, 0.0, 0.52, 1.0, 0.0, 0.0, 0.0, 0.0, 0.0, 0.0, 1.0, 0.0, 
0.0, 0.0, 0.0, 0.0, 0.022, 0.0, 0.0, 0.0, 0.0, 0.0, 0.0, 0.143, 0.63, 0.087, 0.041, 0.0, 0.0, 0.0, -0.0, 0.051, 0.0, 0.288, 0.0, 0.0, 0.0, 0.789, 0.0, 0.0, 0.0, 0.0, 0.0, 0.008, 0.0, 0.0, 0.0, 0.0, 0.0, 0.0, 0.0, 0.264, 0.0, 0.0, 0.0, 0.0, 0.037, 0.0, 0.0, 0.0, 0.0, 0.0, 0.0, 0.0, 0.0, 1.0, 0.201, 0.0, 0.0, 0.0, 0.0, 0.0, 1.0, 1.0, 0.0, 0.0, 
0.0, 0.0, 0.0, 1.0, 1.0, 0.0, 0.0, 0.0, 0.0, 0.0, 0.998, 1.0, 0.962, 0.0, 0.0, 0.0, 0.0, 0.0, 1.0, 0.0, 0.035, -0.0, 0.0, 0.0, -0.0, 0.0, 0.0, 0.0, 0.072, 0.0, 0.0, 0.0, 0.0, 0.24, 0.0, 0.086, 0.0, 0.0, 0.282, 0.0, 0.0, 0.026, 0.0, 0.0, 0.0, 1.0, 1.0, 0.0, 0.0, 0.0, 0.0, 0.0, 1.0, 1.0, -0.0, 0.0, 0.0, 0.0, 0.0, 0.0, 0.0, 1.0, 0.0, 0.0, 0.0, 0.0, -0.0, 1.0, 1.0, 0.0, 0.0, 0.0, 0.0, 0.307, 0.088, 0.0, 0.0, 0.0, 0.0, -0.0, 1.0, 1.0, 0.0, 0.882, 0.0, 0.0, 0.0, 1.0, 0.0, 0.168, 0.154, 0.004, 0.0, 0.0, 0.0, 1.0, 1.0, 0.0, 0.0, 0.272, -0.0, 0.0, 0.0, 0.0, 0.0, 0.048, 0.159, 0.0, 0.0, 0.0, 0.0, 0.126, 0.102, 0.327, 0.123, 0.014, 0.0, 0.0, 0.0, 0.21, 0.0, 0.0, 0.0, 0.0, 0.0, 0.0, 0.037, 0.0, 0.072, 0.0, 0.115, 1.0, 1.0, 0.0, 0.0, 0.0, 0.0, 0.0, 0.471, 1.0, 1.0, 0.0, 0.163, 0.0, 0.0, 0.0, 1.0, 1.0, 0.0, 0.189, 0.024, 0.136, 0.0, 0.483, 0.725, 0.0, 0.373, 0.0, 0.325, -0.0, 0.0, 0.0, 0.0, 0.244, 0.0, 0.0, 0.004, 0.0, 0.0, 0.109, 0.318, 0.055, 0.0, 0.0, 0.0, 0.0, 0.0, 0.0, 0.24]
The multis shape is (from BVLS): (424,)
There are 104 Multis that are NOT on Bounds. Old ones 104
Activity table BVLS multisSum is 64.85. The max multisSum could be Bench1 371.6412855557705. The energySavings are: 82.55.
------------------------
------------------------
IES files of troffer group B have been swapped. The swapping duration was: 1.7593984603881836
{'Troffer 1': 0.12786159181432466, 'Troffer 2': 0.12006787354310355, 'Troffer 3': 0.11831689905922327, 'Troffer 4': 0.11623555942168634, 'Troffer 5': 0.1384467313107107, 'Troffer 6': 0.10233473491205612, 'Troffer 7': 0.13133964321327024, 'Troffer 8': 0.16632608028342333}
Counter value is: 7
------------------------
------------------------
Received Msg from UNITY is:
unity is done blending lights A and B
------------------------
------------------------
Received Msg from UNITY is:
swap ies profiles to Table BVLS$ecoPlusPlus$0.5 1.5$(-2.052, 1.273, -8.673)(-3.583, 1.280, -3.374)(-2.127, 0.888, -1.815)(-4.220, 1.700, -10.692)$(-0.865, -0.035, -0.501)(0.999, -0.035, -0.032)(-0.614, -0.035, -0.788)(0.442, 0.000, 0.897)$1.000$False$
Acivity is: swap ies profiles to Table BVLS
EcoMode is: ecoPlusPlus
Threshold1 is 0.5 and Threshold2 is 1.5
OG String is (-2.052, 1.273, -8.673)(-3.583, 1.280, -3.374)(-2.127, 0.888, -1.815)(-4.220, 1.700, -10.692).
Occupand Coords are [(-2.052, 1.273, -8.673), (-3.583, 1.28, -3.374), (-2.127, 0.888, -1.815), (-4.22, 1.7, -10.692)].
OG Gaze Vectors String is (-0.865, -0.035, -0.501)(0.999, -0.035, -0.032)(-0.614, -0.035, -0.788)(0.442, 0.000, 0.897).
Occupand Gaze Vectors are [array([-0.865, -0.035, -0.501]), array([ 0.999, -0.035, -0.032]), array([-0.614, -0.035, -0.788]), array([0.442, 0.   , 0.897])].
The Value of the Dimmer Slider is 1.0.
The Glare Mode is False.
HumanAwareness calculated for multiple people.
ytps [ 25.          25.          25.         ... 273.11106031 250.14702605
 207.61324787]
The multis are (from BVLS): [0.0, 0.111, 0.0, 0.0, 0.569, 0.0, 0.0, 0.0, 0.0, 0.0, 0.0, 0.445, 0.645, 0.572, 0.183, 0.0, 0.0, 0.0, 0.077, 0.37, 0.0, 0.0, 0.0, 0.0, 0.041, 0.0, 0.232, 0.0, 0.0, 0.0, 0.0, 0.0, 0.0, 0.186, 0.0, 0.0, 1.0, 1.0, 0.0, 0.0, 0.293, 0.0, 0.0, 1.0, 1.0, 0.059, 0.0, 0.291, 0.0, 0.0, 0.0, 0.0, 1.0, 0.0, 0.0, 0.094, 0.0, 0.0, 0.0, 0.0, 0.0, 0.0, 0.0, 0.0, 0.0, 0.0, 0.0, 0.0, 0.0, 0.109, 0.088, 0.09, 0.0, 0.0, 0.0, 0.0, 0.311, 0.0, 0.034, 0.0, 0.485, 0.089, 0.0, 0.181, 0.0, 0.24, 0.0, 1.0, 1.0, 0.0, 0.158, 0.095, 0.238, 0.0, 0.427, 1.0, 0.0, 0.361, 0.024, 0.87, 0.0, 0.0, 0.0, 0.0, 0.091, 0.0, 0.162, 0.0, 0.043, 0.304, 0.0, 0.0, 0.0, -0.0, -0.0, 1.0, 0.614, 0.0, 0.0, 0.0, 0.0, 0.0, 1.0, 1.0, 0.0, 0.029, 0.0, 0.232, 0.0, 0.0, 0.0, 0.0, 0.0, 0.0, 0.0, 0.529, 0.0, 0.0, 0.0, 0.098, 0.045, 0.065, 0.303, 0.0, 0.0, 0.0, 0.121, 0.0, 0.0, 
0.243, 0.333, 0.0, 0.0, 0.0, 0.0, 0.0, 0.014, 0.0, 0.0, 0.048, 0.0, 0.0, 0.284, 0.0, 1.0, 1.0, 0.0, 0.0, 0.0, 0.0, 0.0, 0.354, 1.0, 0.0, 0.0, 0.0, 0.0, 0.0, 0.0, 0.924, 0.0, 0.0, 0.0, 0.0, 0.0, 0.182, 0.0, 0.0, 0.0, 0.0, 0.0, 0.0, 0.092, 0.697, 0.108, 0.095, 0.0, 0.0, 0.0, 0.0, 0.0, 0.0, 0.354, 0.0, 0.0, 0.0, 0.764, 0.0, 0.0, 0.0, 0.0, 0.0, 0.042, 0.0, 0.0, 0.0, 0.0, 0.0, 0.034, 0.0, 0.144, 0.0, 0.0, 0.0, 0.0, 0.169, 0.0, 0.0, 0.0, 0.0, 0.0, 0.0, 0.0, 0.0, 1.0, 0.053, 0.0, 0.0, 0.0, 0.0, 0.0, 1.0, 1.0, 0.0, 0.0, 0.0, 0.0, 0.0, 1.0, 1.0, 0.0, 0.0, 0.0, 0.0, 0.0, 1.0, 1.0, 1.0, 0.0, 0.0, 0.0, 0.0, 0.0, 1.0, 0.0, 0.025, 0.0, 0.0, 0.0, -0.0, 0.0, 0.0, 0.0, 0.013, 0.0, 0.0, 0.0, 0.0, 
0.328, 0.0, 0.043, 0.0, 0.0, 0.0, 0.0, 0.0, 0.01, 0.0, 0.0, 0.0, 1.0, 1.0, -0.0, 0.0, 0.0, 0.0, 0.0, 1.0, 1.0, 0.0, 0.0, 0.0, 0.0, 0.0, 0.0, 0.714, 1.0, 0.0, 0.0, 0.0, 0.0, 0.0, 1.0, 1.0, 0.0, 0.0, 0.0, 0.0, 0.187, 0.09, 0.0, 0.0, 0.0, 0.0, 0.0, 1.0, 1.0, 0.0, 0.891, 0.0, 0.0, 0.0, 1.0, 0.0, 0.749, 0.0, 0.0, 0.0, 0.0, 0.348, 1.0, 1.0, 0.0, 0.0, 0.243, -0.0, 0.0, 0.298, 0.0, 0.0, 0.041, 0.12, 0.0, 0.0, 0.0, 0.0, 0.074, 0.093, 0.322, 0.096, 0.0, 0.0, 0.0, 0.0, 0.21, 0.0, 0.0, 0.0, 0.0, 0.0, 0.0, 0.0, 0.0, 0.074, 
0.0, 0.381, 1.0, 1.0, 0.0, 0.0, 0.035, 0.0, 0.0, 0.298, 1.0, 1.0, -0.0, 0.224, 0.0, 0.0, 0.0, 1.0, 1.0, 0.0, 0.062, 0.0, 0.138, 0.0, 0.624, 0.513, 0.0, 0.228, 0.0, 0.358, -0.0, 0.0, 0.0, 0.0, 0.301, 0.0, 0.0, 0.0, 0.0, 0.0, 0.108, 0.32, 0.051, 0.0, 0.0, 0.0, 0.0, 0.0, 0.0, 0.254]
The multis shape is (from BVLS): (424,)
There are 99 Multis that are NOT on Bounds. Old ones 99
Activity table BVLS multisSum is 65.40. The max multisSum could be Bench1 371.6412855557705. The energySavings are: 82.40.
------------------------
------------------------
IES files of troffer group A have been swapped. The swapping duration was: 1.6170475482940674
{'Troffer 1': 0.1277043132843314, 'Troffer 2': 0.11637731702600868, 'Troffer 3': 0.11828999079725185, 'Troffer 4': 0.11759352273584418, 'Troffer 5': 0.14025074638861854, 'Troffer 6': 0.1063892872850784, 'Troffer 7': 0.13896987895997984, 'Troffer 8': 0.16013087965842923}
Counter value is: 8
------------------------
------------------------
Received Msg from UNITY is:
unity is done blending lights A and B
------------------------
------------------------
Received Msg from UNITY is:
swap ies profiles to SetForget BVLS$ecoPlusPlus$0.5 1.5$(-1.846, 1.773, -8.468)(-3.595, 1.280, -3.364)(-2.137, 0.888, -1.846)(-4.220, 1.700, -10.692)$(-0.435, -0.035, -0.900)(0.999, -0.035, 0.034)(-0.326, -0.035, -0.945)(0.442, 0.000, 0.897)$1.000$False$
Acivity is: swap ies profiles to SetForget BVLS
EcoMode is: ecoPlusPlus
Threshold1 is 0.5 and Threshold2 is 1.5
OG String is (-1.846, 1.773, -8.468)(-3.595, 1.280, -3.364)(-2.137, 0.888, -1.846)(-4.220, 1.700, -10.692).
Occupand Coords are [(-1.846, 1.773, -8.468), (-3.595, 1.28, -3.364), (-2.137, 0.888, -1.846), (-4.22, 1.7, -10.692)].
OG Gaze Vectors String is (-0.435, -0.035, -0.900)(0.999, -0.035, 0.034)(-0.326, -0.035, -0.945)(0.442, 0.000, 0.897).
Occupand Gaze Vectors are [array([-0.435, -0.035, -0.9  ]), array([ 0.999, -0.035,  0.034]), array([-0.326, -0.035, -0.945]), array([0.442, 0.   , 0.897])].
The Value of the Dimmer Slider is 1.0.
The Glare Mode is False.
HumanAwareness calculated for multiple people.
ytps [ 50.          50.          50.         ... 271.29573851 247.61042167
 204.79725251]
The multis are (from BVLS): [0.267, 0.478, 0.0, 0.0, 1.0, 1.0, 1.0, 0.552, 0.0, 0.0, 0.0, 1.0, 1.0, 1.0, 1.0, -0.0, 0.0, -0.0, 1.0, 1.0, 1.0, 0.119, -0.0, -0.0, 0.404, 0.0, 0.0, 0.0, 0.0, 0.0, 0.0, 0.354, 0.0, 0.231, 0.0, 0.0, 0.0, 0.994, 0.933, 0.0, 0.706, -0.0, 0.0, 0.0, 0.694, 1.0, 0.0, 1.0, 0.0, 0.0, 0.0, -0.0, 1.0, 0.0, 0.693, 0.307, 0.0, 0.0, 0.0, 0.0, 0.0, 0.0, 0.0, 0.0, 1.0, 0.594, 0.0, 0.0, 0.0, 0.0, 0.0, 0.198, 0.0, 0.0, 0.0, 0.0, 0.0, 0.0, 0.0, 0.0, 0.0, 0.113, 0.0, 0.0, 0.0, 0.0, 0.0, -0.0, 0.138, 0.0, 0.0, 1.0, 0.0, 0.0, 0.0, 0.0, 0.0, 0.0, 1.0, 0.0, 0.0, 0.0, 0.0, 0.0, 0.0, 0.125, 1.0, 0.0, 0.617, 0.383, 0.0, -0.0, 0.0, 0.0, 0.0, 0.0, 0.0, 0.0, -0.0, 0.0, 0.0, 0.0, 
0.0, 0.0, 0.0, -0.0, 0.0, 0.436, -0.0, 0.0, 0.0, 0.0, 0.223, 0.0, 0.603, 0.0, 0.0, -0.0, 0.0, 0.325, 0.0, 0.038, 0.0, 0.0, 0.0, 0.0, 0.216, 0.0, 0.0, 0.0, 0.0, 0.0, 0.0, 0.0, -0.0, 0.0, -0.0, 0.0, 0.0, 1.0, 0.0, 0.0, 0.317, 0.0, 0.0, 0.0, -0.0, 0.647, 1.0, 0.0, 0.0, 0.0, 1.0, 0.124, 0.0, 0.558, 0.0, 0.0, 0.0, 0.0, 0.296, 0.0, 0.0, 0.0, 0.0, 0.0, 0.0, 0.471, 0.0, 0.0, 0.0, 0.0, 0.0, 0.0, 0.0, 0.0, 0.0, 0.0, 0.0, 0.0, 0.0, 0.0, 0.0, 0.0, 0.0, 0.0, 0.0, 0.0, 0.0, 0.0, 0.0, 0.0, 0.84, 0.0, 0.0, 0.0, 0.0, 0.0, 0.768, 0.086, 0.0, 0.0, 0.0, 0.0, 0.037, 0.946, 0.722, 0.0, 0.0, -0.0, 0.0, 0.148, 0.0, 0.0, 0.819, 0.0, 0.0, 0.0, 0.0, 0.0, 1.0, 1.0, 0.673, 0.0, 0.0, 0.449, 0.0, 1.0, 1.0, 0.659, -0.0, 0.0, 0.0, 0.0, 0.0, 0.0, 1.0, 1.0, 0.0, 0.0, 0.0, 0.0, 0.0, 1.0, -0.0, 0.365, 0.0, 0.0, 0.022, -0.0, 0.0, 0.0, 0.799, 0.665, 0.0, 0.0, 0.0, 0.0, 0.0, 0.372, 0.875, 0.0, 0.0, 0.0, 0.0, 0.0, 0.568, 0.183, 0.0, 0.0, 1.0, 1.0, 0.0, 0.0, 0.0, 0.0, 0.0, 1.0, 1.0, 0.0, 0.933, 0.0, -0.0, 0.0, 0.0, 0.0, 1.0, 1.0, 0.0, 0.0, 0.0, -0.0, 0.571, 
1.0, 1.0, 0.0, 0.0, 0.0, 0.233, 0.283, 0.0, 0.0, 0.473, 1.0, -0.0, 1.0, 0.0, 0.0, 1.0, 0.146, 0.0, 0.0, 1.0, 0.0, 0.0, 0.485, 0.13, 0.0, 0.0, 0.462, 1.0, 1.0, 0.0, 0.121, 0.165, -0.0, 0.0, 1.0, 1.0, 0.0, 0.184, 0.172, 0.0, 0.0, 0.0, 0.0, -0.0, 0.257, 0.762, 0.41, 0.038, 0.0, 0.0, 0.0, 0.627, 0.0, 0.0, 0.0, 0.0, 0.0, 0.0, 0.0, 0.0, 0.15, 0.0, 
1.0, 1.0, 1.0, 0.0, 0.0, 1.0, 0.38, 0.0, 1.0, 1.0, 1.0, -0.0, 0.321, 0.0, 0.821, 0.0, 1.0, 1.0, 1.0, 1.0, 0.097, 1.0, 0.0, 1.0, 1.0, 1.0, 0.455, 0.043, 1.0, 0.0, 0.0, 0.082, 0.0, 0.548, 0.022, 0.114, 0.396, 0.292, 0.185, 0.401, 0.812, 0.146, 0.0, 0.0, 0.0, 0.0, 0.0, 0.0, 0.672]
The multis shape is (from BVLS): (424,)
There are 87 Multis that are NOT on Bounds. Old ones 87
Activity setForget BVLS multisSum is 94.55. The max multisSum could be Bench1 371.6412855557705. The energySavings are: 74.56.
------------------------
------------------------
IES files of troffer group B have been swapped. The swapping duration was: 1.6939985752105713
{'Troffer 1': 0.28980772574379865, 'Troffer 2': 0.13148637955314096, 'Troffer 3': 0.1914205508902798, 'Troffer 4': 0.16335148094018842, 'Troffer 5': 0.26488286542035117, 'Troffer 6': 0.21090945510419468, 'Troffer 7': 0.2153453661430634, 'Troffer 8': 0.3426733885373823}
Counter value is: 9
------------------------
------------------------
Received Msg from UNITY is:
unity is done blending lights A and B
------------------------
------------------------
Received Msg from UNITY is:
swap ies profiles to SetForget BVLS$ecoPlusPlus$0.5 1.5$(-1.216, 1.773, -4.687)(-3.619, 1.280, -2.749)(-2.072, 0.888, -1.534)(-4.220, 1.700, -10.692)$(0.417, -0.035, -0.908)(0.991, -0.035, -0.127)(-0.921, -0.035, -0.387)(0.442, 0.000, 0.897)$1.000$False$
Acivity is: swap ies profiles to SetForget BVLS
EcoMode is: ecoPlusPlus
Threshold1 is 0.5 and Threshold2 is 1.5
OG String is (-1.216, 1.773, -4.687)(-3.619, 1.280, -2.749)(-2.072, 0.888, -1.534)(-4.220, 1.700, -10.692).
Occupand Coords are [(-1.216, 1.773, -4.687), (-3.619, 1.28, -2.749), (-2.072, 0.888, -1.534), (-4.22, 1.7, -10.692)].
OG Gaze Vectors String is (0.417, -0.035, -0.908)(0.991, -0.035, -0.127)(-0.921, -0.035, -0.387)(0.442, 0.000, 0.897).
Occupand Gaze Vectors are [array([ 0.417, -0.035, -0.908]), array([ 0.991, -0.035, -0.127]), array([-0.921, -0.035, -0.387]), array([0.442, 0.   , 0.897])].
The Value of the Dimmer Slider is 1.0.
The Glare Mode is False.
HumanAwareness calculated for multiple people.
ytps [ 50.          50.          50.         ... 189.24575826 134.732451
  75.55678215]
The multis are (from BVLS): [0.288, 0.44, 0.0, 0.0, 1.0, 1.0, 1.0, 0.547, 0.0, 0.0, 0.0, 1.0, 1.0, 1.0, 1.0, -0.0, -0.0, 0.0, 1.0, 1.0, 1.0, 0.354, 0.082, 0.11, 0.862, 0.0, 0.0, 0.0, 0.0, 0.0, 0.0, 0.85, 0.0, 0.219, 0.0, 0.0, 0.0, 0.0, 0.923, 0.0, 0.515, 0.0, 0.0, 0.0, 0.0, 0.906, 0.0, 1.0, 0.0, 0.0, 0.0, 0.0, 0.766, 0.0, 0.889, 0.062, -0.0, 
0.0, 0.0, 0.0, 0.0, -0.0, 0.0, 0.0, 1.0, 0.851, 0.0, 0.0, 0.0, 0.0, 0.0, 0.387, 0.0, 0.0, 0.0, 0.0, 0.0, 0.0, 0.0, -0.0, 0.0, 0.323, 0.0, 0.0, 0.0, 0.0, 0.0, 0.0, 0.0, 0.0, -0.0, 0.0, -0.0, 0.0, 0.0, 0.0, 0.0, 0.0, 0.0, 0.0, 0.0, 0.0, 0.0, 0.0, 0.0, 0.0, 1.0, 0.0, 1.0, 0.148, 0.0, 0.0, 0.0, 0.0, 0.0, 0.0, 0.0, 0.0, -0.0, 0.0, 0.0, 0.0, 0.0, 0.0, 0.0, 0.0, 0.0, 0.486, 0.0, 0.0, 0.0, 0.0, 0.05, 0.0, 0.641, 0.0, 0.0, -0.0, 0.0, 0.296, -0.0, 0.167, 0.0, 0.0, 0.0, 0.0, 0.124, 0.0, 0.0, 0.0, 0.0, 0.0, 0.0, 0.0, 0.0, 
0.0, 0.0, 0.0, 0.0, 0.437, 0.0, 0.0, 1.0, 0.0, 0.0, 0.0, -0.0, 0.0, 0.0, 0.0, 0.0, 0.0, 0.0, 0.305, 0.0, 0.0, 0.0, 0.0, 0.0, -0.0, 0.336, 0.0, 0.0, 0.0, 0.0, 0.0, 0.0, 0.0, 0.0, 0.0, 0.0, 0.0, 0.0, 0.0, 0.0, 0.0, 0.0, 0.0, 0.0, 0.0, 0.0, 0.0, 0.0, 0.0, 0.0, 0.0, 0.0, 0.0, 0.0, 1.0, 1.0, 0.0, 0.594, 0.0, 1.0, 0.0, 0.0, 0.0, 0.186, 0.0, 0.0, 0.0, 0.0, 0.0, 0.0, 0.792, 0.744, 0.0, 0.0, 0.0, 0.0, 0.0, 0.013, 0.287, 0.0, 0.0, 0.0, 0.0, 0.0, 0.0, 0.292, 0.036, 0.0, 0.0, 0.0, 0.0, -0.0, 1.0, 1.0, 0.0, 0.0, 0.0, 0.0, -0.0, 0.964, 1.0, 0.0, 0.0, 0.0, 0.0, 0.0, 0.0, 0.0, 1.0, 0.0, 1.0, 0.218, 0.0, 0.0, 1.0, 0.0, 0.0, 1.0, 1.0, 1.0, 1.0, 0.0, 0.0, 0.0, -0.0, 1.0, 1.0, 1.0, 0.0, 0.0, 0.0, 0.0, 1.0, 1.0, 1.0, 0.0, 0.0, -0.0, 0.0, 0.0, 1.0, 0.0, 1.0, 1.0, 0.0, 0.0, 0.0, 0.0, 0.0, 1.0, 0.944, 1.0, 1.0, 0.0, 0.0, 0.0, 1.0, 0.0, 1.0, 1.0, 0.0, 0.0, 0.0, 0.0, 0.238, 0.0, -0.0, 0.782, 1.0, 0.0, 1.0, 0.0, -0.0, 1.0, 0.606, 0.44, 0.116, 1.0, -0.0, 0.0, -0.0, 0.0, -0.0, 0.0, 1.0, 0.59, 1.0, 0.0, 0.003, 0.38, 0.0, 0.0, 1.0, 1.0, 0.824, 0.153, 0.0, 0.0, 0.0, 0.5, 0.702, 0.0, 0.228, 0.699, 0.351, 0.0, 0.0, 0.336, 0.0, 0.573, 0.0, 0.0, 0.0, 0.0, 0.0, 0.0, 0.0, 0.0, 0.137, 0.0, 1.0, 1.0, 0.211, 0.0, 0.0, 0.0, 0.0, 0.0, 1.0, 1.0, 0.0, -0.0, 0.0, 0.0, 0.0, 0.0, 1.0, 1.0, 1.0, 0.276, 0.0, 0.241, 0.0, 1.0, 1.0, 1.0, 1.0, 0.353, 0.78, 0.0, 0.0, 1.0, 0.0, 0.335, 0.066, 0.0, 0.332, 0.0, 
0.0, 0.142, 0.569, 0.208, 0.0, 0.0, 0.0, 0.0, 0.0, 0.0, 0.563]
The multis shape is (from BVLS): (424,)
There are 69 Multis that are NOT on Bounds. Old ones 69
Activity setForget BVLS multisSum is 92.17. The max multisSum could be Bench1 371.6412855557705. The energySavings are: 75.20.
------------------------
------------------------
IES files of troffer group A have been swapped. The swapping duration was: 1.3730430603027344
{'Troffer 1': 0.2796945011482593, 'Troffer 2': 0.1103055861299834, 'Troffer 3': 0.20383026860019787, 'Troffer 4': 0.1457441397436281, 'Troffer 5': 0.23827190876657658, 'Troffer 6': 0.3633266277299112, 'Troffer 7': 0.23542738254964252, 'Troffer 8': 0.2774807801344839}
Counter value is: 10
------------------------
------------------------
Received Msg from UNITY is:
unity is done blending lights A and B
------------------------
------------------------
Received Msg from UNITY is:
swap ies profiles to SetForget BVLS$ecoPlusPlus$0.5 1.5$(-1.224, 1.773, -4.598)(-3.665, 1.280, -2.722)(-2.078, 0.888, -1.503)(-4.220, 1.700, -10.692)$(0.384, -0.035, -0.923)(0.997, -0.035, -0.073)(-0.875, -0.035, -0.483)(0.442, 0.000, 0.897)$1.000$False$
Acivity is: swap ies profiles to SetForget BVLS
EcoMode is: ecoPlusPlus
Threshold1 is 0.5 and Threshold2 is 1.5
OG String is (-1.224, 1.773, -4.598)(-3.665, 1.280, -2.722)(-2.078, 0.888, -1.503)(-4.220, 1.700, -10.692).
Occupand Coords are [(-1.224, 1.773, -4.598), (-3.665, 1.28, -2.722), (-2.078, 0.888, -1.503), (-4.22, 1.7, -10.692)].
OG Gaze Vectors String is (0.384, -0.035, -0.923)(0.997, -0.035, -0.073)(-0.875, -0.035, -0.483)(0.442, 0.000, 0.897).
Occupand Gaze Vectors are [array([ 0.384, -0.035, -0.923]), array([ 0.997, -0.035, -0.073]), array([-0.875, -0.035, -0.483]), array([0.442, 0.   , 0.897])].
The Value of the Dimmer Slider is 1.0.
The Glare Mode is False.
HumanAwareness calculated for multiple people.
ytps [ 50.          50.          51.52300941 ... 180.00918385 125.65018373
  66.69810215]
The multis are (from BVLS): [0.285, 0.439, 0.0, 0.0, 1.0, 1.0, 1.0, 0.543, 0.0, 0.0, 0.0, 1.0, 1.0, 1.0, 1.0, 0.0, 0.0, 0.0, 1.0, 1.0, 1.0, 0.353, 0.082, 0.133, 0.898, 0.0, -0.0, 0.0, 0.0, 0.0, 0.0, 0.868, 0.0, 0.208, 0.0, 0.0, 0.0, 0.0, 0.959, 0.0, 0.513, 0.0, 0.0, -0.0, 0.0, 0.959, 0.0, 1.0, 0.0, 0.0, -0.0, 0.0, 0.862, 0.0, 0.886, 0.072, 0.0, 0.0, 0.0, 0.0, 0.0, -0.0, 0.0, 0.0, 1.0, 0.872, 0.0, 0.0, 0.0, 0.0, 0.0, 0.404, 0.0, 0.0, 0.0, 0.0, 0.0, 0.0, 0.0, 0.0, 0.0, 0.327, 0.0, 0.0, 0.0, 0.0, 0.0, 0.0, 0.0, 0.0, 0.0, 0.0, 0.0, 0.0, 0.0, 0.0, 0.0, -0.0, 0.0, -0.0, 0.0, 0.0, 0.0, 0.0, 0.0, 0.0, 1.0, 0.0, 0.942, 0.098, 0.0, -0.0, 0.0, 0.0, 0.0, 0.0, 0.0, 0.0, 0.0, 0.0, 0.0, 0.0, 0.0, 0.0, 0.0, 0.0, 0.0, 0.498, 0.0, 0.0, 0.0, 0.0, 0.045, 0.0, 0.63, 0.0, 0.0, 0.0, 0.0, 0.256, 0.134, 0.239, -0.0, 0.0, 0.0, 0.0, 0.124, 0.126, 0.0, 0.0, 0.0, 0.0, 0.0, 0.0, -0.0, 0.0, 0.0, 0.0, 0.0, 0.406, 0.0, 0.0, 1.0, 0.0, -0.0, 0.0, 0.0, 0.0, 0.0, 0.0, 0.0, 0.0, 0.0, 0.278, 0.0, 0.0, 0.0, 0.0, -0.0, 0.0, 0.324, 0.0, 0.0, 0.0, 0.0, 0.0, 0.0, 0.0, 0.0, 0.0, 0.0, 0.0, 0.0, 0.0, 0.0, 0.0, 0.0, 0.0, -0.0, 0.0, 0.0, 0.0, 0.0, 0.0, 0.0, 0.0, 0.0, 0.0, 0.0, 1.0, 1.0, 0.0, 0.568, 0.0, 1.0, 0.0, 0.0, 0.0, 0.0, 0.0, 
-0.0, 0.0, 0.0, 0.0, 0.0, 0.561, 0.651, 0.0, 0.0, 0.0, 0.0, 0.0, 0.0, 0.391, 0.0, 0.0, 0.0, 0.0, 0.0, 0.0, 0.154, 0.0, 0.0, 0.0, 0.0, 0.0, -0.0, 1.0, 1.0, 0.0, 0.0, 0.0, 0.027, -0.0, 1.0, 1.0, 0.0, 0.0, 0.0, 0.0, 0.0, 0.0, 0.0, 1.0, 0.0, 1.0, 0.338, 0.0, 0.0, 1.0, 0.0, 0.0, 1.0, 1.0, 1.0, 1.0, 0.0, 0.0, 0.0, 0.0, 1.0, 1.0, 1.0, 0.0, 0.0, 0.0, 0.0, 1.0, 1.0, 1.0, 0.0, 0.0, 0.0, 0.0, -0.0, 1.0, 0.357, 1.0, 1.0, 0.0, 0.0, 0.0, 0.054, 0.0, 1.0, 0.623, 1.0, 1.0, 0.0, 0.0, 0.0, 1.0, 0.0, 1.0, 1.0, 0.0, 0.0, 0.0, 0.0, 0.217, 0.0, 0.0, 1.0, 1.0, 0.0, 1.0, 0.0, 0.0, 1.0, 0.926, 0.484, 0.298, 1.0, 0.0, 0.0, 0.0, 0.0, 0.0, 0.0, 1.0, 0.557, 1.0, 0.0, 0.0, 0.338, 0.0, 0.0, 1.0, 1.0, 0.767, 0.123, -0.0, 0.0, 0.0, 0.649, 0.802, -0.0, 0.214, 0.679, 0.333, 0.0, 0.0, 0.614, 0.0, 0.536, 0.0, 0.0, 0.0, 0.0, 0.0, 0.0, 0.0, 0.0, 0.144, 0.0, 1.0, 1.0, 0.0, 0.0, 0.0, 0.0, 0.0, 0.0, 1.0, 1.0, 0.0, 0.0, 0.0, 0.0, 0.0, 0.0, 1.0, 1.0, 1.0, 0.136, 0.0, 0.204, -0.0, 1.0, 1.0, 1.0, 1.0, 0.323, 0.735, 0.0, 0.0, 1.0, 0.0, 0.347, 0.067, 0.0, 0.276, -0.0, 0.007, 0.242, 0.53, 0.198, 0.0, 0.0, 0.0, 0.0, 0.0, 0.0, 0.539]
The multis shape is (from BVLS): (424,)
There are 69 Multis that are NOT on Bounds. Old ones 69
Activity setForget BVLS multisSum is 92.77. The max multisSum could be Bench1 371.6412855557705. The energySavings are: 75.04.
------------------------
------------------------
IES files of troffer group B have been swapped. The swapping duration was: 1.294020175933838
{'Troffer 1': 0.282414122515858, 'Troffer 2': 0.11140658609829582, 'Troffer 3': 0.20047703546222434, 'Troffer 4': 0.14272400448095815, 'Troffer 5': 0.22755047160409456, 'Troffer 6': 0.37362161372769087, 'Troffer 7': 0.24743450212198104, 'Troffer 8': 0.27220235141587723}
Counter value is: 11
------------------------
------------------------
Received Msg from UNITY is:
unity is done blending lights A and B
------------------------
------------------------
Received Msg from UNITY is:
swap ies profiles to Table BVLS$ecoPlusPlus$0.5 1.5$(-1.617, 1.273, -3.602)(-3.676, 1.280, -2.715)(-1.908, 0.888, -1.535)(-4.220, 1.700, -10.692)$(-0.211, -0.035, -0.977)(0.987, -0.035, -0.156)(-0.998, -0.035, -0.046)(0.442, 0.000, 0.897)$1.000$False$
Acivity is: swap ies profiles to Table BVLS
EcoMode is: ecoPlusPlus
Threshold1 is 0.5 and Threshold2 is 1.5
OG String is (-1.617, 1.273, -3.602)(-3.676, 1.280, -2.715)(-1.908, 0.888, -1.535)(-4.220, 1.700, -10.692).
Occupand Coords are [(-1.617, 1.273, -3.602), (-3.676, 1.28, -2.715), (-1.908, 0.888, -1.535), (-4.22, 1.7, -10.692)].
OG Gaze Vectors String is (-0.211, -0.035, -0.977)(0.987, -0.035, -0.156)(-0.998, -0.035, -0.046)(0.442, 0.000, 0.897).
Occupand Gaze Vectors are [array([-0.211, -0.035, -0.977]), array([ 0.987, -0.035, -0.156]), array([-0.998, -0.035, -0.046]), array([0.442, 0.   , 0.897])].
The Value of the Dimmer Slider is 1.0.
The Glare Mode is False.
HumanAwareness calculated for multiple people.
ytps [ 25.          25.          27.98810893 ... 177.64271792 123.317116
  64.4176585 ]
The multis are (from BVLS): [0.0, 0.135, 0.0, 0.0, 0.606, 0.0, 0.0, 0.0, 0.0, 0.0, 0.0, 0.449, 0.66, 0.588, 0.223, 0.0, 0.0, 0.0, 0.124, 0.282, 0.0, 0.183, 0.129, 0.208, 0.406, 0.0, 0.255, 0.0, 0.0, 0.0, 0.0, 0.268, 0.0, 0.294, 0.0, 0.25, 0.0, 0.0, 0.339, 0.0, 0.357, 0.0, 0.0, 0.259, 0.0, 0.56, 0.0, 0.324, 0.0, 0.0, 0.277, 0.0, 1.0, 0.0, 0.0, 0.127, 0.0, 0.0, 0.0, 0.0, 0.0, 0.0, 0.0, 0.059, 0.0, 0.0, 0.0, 0.0, 0.0, 0.127, 0.089, 0.31, 0.0, 0.0, 0.107, 0.0, 0.25, 0.014, 0.114, 0.0, 0.102, 0.095, 0.0, 0.224, 0.0, 0.236, 0.0, 0.205, 0.451, 0.0, 0.231, 0.0, 0.364, 0.0, 0.0, 0.127, 0.0, 0.194, 0.0, 0.992, 0.0, 0.0, 0.0, 0.0, 0.112, 0.0, 0.212, 0.0, 0.165, 0.289, 0.0, 0.0, 0.0, 0.0, 0.0, 0.0, 0.016, 0.0, 0.045, 0.0, 0.118, 0.292, 0.0, 0.0, 0.0, 0.095, 0.0, 0.12, 0.55, 0.0, 0.0, 0.0, 0.068, 0.0, 0.192, 0.385, 0.0, 0.0, 0.0, 0.149, 0.143, 0.051, 0.48, 0.0, 0.0, 0.0, 0.155, 0.228, 0.0, 0.183, 0.308, 0.0, 0.0, 0.091, 0.0, 0.0, -0.0, 0.354, 0.0, 0.173, 0.039, 0.0, 0.331, 0.0, 0.003, 0.0, 0.0, 0.0, 0.0, 0.0, 0.0, 0.0, 0.116, 0.277, 0.0, 0.014, 0.0, 0.0, 0.025, 0.489, 0.177, 0.0, 0.046, 0.0, 0.0, 0.22, 0.284, 0.296, 0.0, 0.01, 0.0, 0.0, 0.286, 0.605, 0.153, 0.218, 0.033, 0.0, 0.0, 0.0, 0.293, 0.0, 
0.268, 0.024, 0.0, 0.0, -0.0, 0.0, 0.0, 0.0, 0.0, 0.0, 0.063, 0.0, 0.153, 0.0, 0.0, 0.0, 0.0, -0.0, 0.0, 0.0, 0.0, 0.0, 0.025, 0.106, 0.081, 0.621, 0.0, 0.0, 0.0, 0.0, 0.0, 0.0, 0.0, 0.0, 0.0, 0.0, 0.0, 0.0, 0.0, 0.235, 0.879, 1.0, 0.0, 0.0, 0.0, 0.0, 1.0, 0.782, 0.191, 0.0, 0.0, 0.0, 0.0, 1.0, 0.603, 0.0, 0.0, 0.0, 0.0, 0.0, 0.0, 1.0, 0.021, 0.0, 0.0, 0.0, 0.0, -0.0, 0.0, 0.0, 0.0, 0.0, 0.0, 0.0, 0.0, 0.0, 0.0, -0.0, 0.0, 0.0, 0.0, 0.0, 0.0, 1.0, 0.0, 0.0, 0.0, 0.0, 0.0, 0.0, 1.0, 0.0, 0.0, 0.062, 0.0, 1.0, 1.0, 1.0, 0.0, 0.0, 0.027, 0.0, 1.0, 1.0, 0.994, 0.0, 0.0, 0.0, 0.0, 0.0, 0.072, 1.0, 0.0, 0.0, 0.0, 0.0, 0.07, 0.11, 0.0, 0.0, 0.037, 0.0, 0.0, 1.0, 0.488, 1.0, 0.185, 0.105, 0.0, 0.0, 1.0, -0.0, 0.0, 0.082, 0.0, -0.0, 0.0, 1.0, 1.0, 1.0, 0.0, 0.0, 0.147, 0.0, 0.0, 0.0, 0.0, 0.115, 0.0, 0.327, 0.0, 0.0, 0.0, 0.0, 0.084, 0.083, 0.296, 0.176, 0.038, 0.0, 0.0, 0.0, 0.195, 0.0, 0.0, 0.0, 0.0, 0.0, 0.0, 0.0, 0.0, 0.062, 0.0, 0.676, 1.0, 0.0, 1.0, -0.0, 0.947, 0.0, 0.0, 1.0, 1.0, 0.0, 0.0, 0.117, 0.0, 0.0, 0.671, 1.0, 1.0, 0.0, 0.227, 0.0, 0.0, 0.0, -0.0, 0.537, 0.0, 0.534, 0.0, 0.138, 0.0, 0.0, 0.0, 0.0, 0.264, 0.0, 0.0, 0.0, 0.0, 0.0, 0.105, 0.255, 0.016, 0.0, 0.0, 0.0, 0.0, 0.0, 0.0, 0.165]
The multis shape is (from BVLS): (424,)
There are 135 Multis that are NOT on Bounds. Old ones 135
Activity table BVLS multisSum is 57.94. The max multisSum could be Bench1 371.6412855557705. The energySavings are: 84.41.
------------------------
------------------------
IES files of troffer group A have been swapped. The swapping duration was: 3.149000644683838
{'Troffer 1': 0.11707113233891968, 'Troffer 2': 0.07453810520103872, 'Troffer 3': 0.11559418990658878, 'Troffer 4': 0.10833147938278916, 'Troffer 5': 0.1194296226340433, 'Troffer 6': 0.13502869074434487, 'Troffer 7': 0.13317596054181335, 'Troffer 8': 0.16278805739491936}
Counter value is: 12
------------------------
------------------------
Received Msg from UNITY is:
swap ies profiles to Table BVLS$ecoPlusPlus$0.5 1.5$(-1.668, 1.273, -3.437)(-3.680, 1.280, -2.712)(-1.886, 0.888, -1.502)(-4.220, 1.700, -10.692)$(-0.293, -0.035, -0.956)(0.989, -0.035, -0.142)(-0.999, -0.035, 0.004)(0.442, 0.000, 0.897)$1.000$False$
Acivity is: swap ies profiles to Table BVLS
EcoMode is: ecoPlusPlus
Threshold1 is 0.5 and Threshold2 is 1.5
OG String is (-1.668, 1.273, -3.437)(-3.680, 1.280, -2.712)(-1.886, 0.888, -1.502)(-4.220, 1.700, -10.692).
Occupand Coords are [(-1.668, 1.273, -3.437), (-3.68, 1.28, -2.712), (-1.886, 0.888, -1.502), (-4.22, 1.7, -10.692)].
OG Gaze Vectors String is (-0.293, -0.035, -0.956)(0.989, -0.035, -0.142)(-0.999, -0.035, 0.004)(0.442, 0.000, 0.897).
Occupand Gaze Vectors are [array([-0.293, -0.035, -0.956]), array([ 0.989, -0.035, -0.142]), array([-0.999, -0.035,  0.004]), array([0.442, 0.   , 0.897])].
The Value of the Dimmer Slider is 1.0.
The Glare Mode is False.
HumanAwareness calculated for multiple people.
ytps [ 25.          25.          28.71459265 ... 176.69159801 122.36883009
  63.48331643]
The multis are (from BVLS): [0.0, 0.135, 0.0, 0.0, 0.607, 0.0, -0.0, 0.0, 0.0, 0.0, 0.0, 0.448, 0.659, 0.587, 0.224, 0.0, 0.0, 0.0, 0.123, 0.282, 0.0, 0.183, 0.126, 0.202, 
0.402, 0.0, 0.253, 0.0, 0.0, 0.0, 0.0, 0.268, 0.0, 0.292, 0.0, 0.248, 0.0, 0.0, 0.346, 0.0, 0.353, 0.0, 0.0, 0.263, 0.0, 0.564, 0.0, 0.317, 0.0, 0.0, 0.284, 0.0, 1.0, 0.0, 
0.0, 0.126, 0.0, 0.0, 0.0, 0.0, 0.0, 0.0, 0.0, 0.062, 0.0, 0.0, 0.0, 0.0, 0.0, 0.131, 0.089, 0.309, 0.0, 0.0, 0.116, 0.0, 0.245, 0.013, 0.117, 0.0, 0.105, 0.094, 0.0, 0.219, 0.0, 0.238, 0.0, 0.205, 0.45, 0.0, 0.219, 0.0, 0.368, 0.0, 0.0, 0.136, 0.0, 0.181, 0.0, 0.996, 0.0, 0.0, 0.0, 0.0, 0.103, 0.0, 0.217, -0.0, 0.198, 0.278, 0.0, 0.0, 0.0, 0.0, 0.0, 0.0, 0.037, 0.0, 0.046, 0.0, 0.12, 0.297, 0.0, 0.0, 0.0, 0.098, 0.0, 0.131, 0.546, 0.0, 0.0, 0.0, 0.069, 0.0, 0.185, 0.412, 0.0, 0.0, 0.0, 0.15, 0.141, 0.081, 0.455, 0.0, 0.0, 0.0, 0.153, 0.237, 0.0, 0.177, 0.343, 0.0, 0.0, 0.095, 0.0, 0.0, 0.0, 0.0, 0.0, 0.167, 0.052, 0.0, 0.317, 0.0, 0.003, 0.0, 0.0, 0.0, 0.0, 0.0, 0.0, 0.0, 0.111, 0.278, 0.0, 0.002, 0.0, 0.0, 0.027, 0.475, 0.178, 0.0, 0.036, 0.0, 0.0, 0.205, 0.304, 0.293, 0.0, 0.0, 0.0, 0.0, 0.302, 0.574, 0.163, 0.209, 0.028, 0.0, 0.0, 0.0, 0.327, -0.0, 0.306, 0.021, 0.0, 0.0, 0.0, 0.0, 0.0, 0.0, 0.0, 0.0, 0.075, 0.0, 0.085, 0.0, 0.0, 0.0, 0.0, 0.0, 0.0, 0.0, 0.0, 0.0, 0.017, 0.096, 0.053, 0.663, 0.0, 0.0, 0.0, 0.0, 0.0, 0.0, 0.0, 0.0, 0.0, 0.0, 0.0, 0.0, 0.0, 0.198, 0.736, 1.0, 0.0, 0.0, 0.0, 0.0, 1.0, 1.0, 0.881, 0.0, 0.0, -0.0, 0.0, 1.0, 0.316, 0.0, 0.0, 0.0, 0.0, 0.0, 0.0, 1.0, 0.0, 0.0, -0.0, 0.0, 0.0, 0.0, 0.0, 0.0, 0.0, 0.0, 0.0, 0.0, 0.0, 0.0, 0.0, 0.0, 0.0, 0.0, 0.0, 0.0, 0.0, 0.987, 0.0, 0.0, 0.0, 0.0, 0.0, 0.0, 1.0, 0.0, 0.0, 0.007, 0.0, 1.0, 1.0, 1.0, 0.0, 0.0, 0.042, 0.0, 1.0, 1.0, 1.0, 0.0, 0.0, 0.065, 0.0, 0.0, 0.0, 1.0, 0.0, 0.0, 0.0, 0.0, 0.066, 0.112, 0.0, 0.0, 0.035, 0.0, 0.0, 1.0, 0.629, 1.0, 0.02, 0.109, 0.0, 0.0, 1.0, 0.0, 0.0, 0.0, 0.0, 0.0, 0.0, 1.0, 1.0, 1.0, 0.0, 0.0, 0.146, 0.0, 0.0, 0.0, 0.0, 0.146, 0.0, 0.332, 0.0, 0.0, 0.0, 0.0, 0.082, 0.083, 0.298, 0.183, 0.049, 0.0, 0.0, 0.0, 0.199, 0.0, 0.0, 0.0, 0.0, 0.0, 0.0, 0.0, 0.0, 0.065, 0.0, 0.641, 1.0, 0.0, 1.0, 0.0, 1.0, 0.0, 0.0, 1.0, 1.0, 0.136, 0.0, 0.119, 0.0, 0.0, 0.679, 1.0, 1.0, 0.0, 0.203, 0.0, 0.0, 0.0, -0.0, 0.466, 0.0, 0.569, 0.0, 0.134, 0.0, 0.0, 0.0, 0.0, 0.305, 0.0, 0.0, 0.0, 0.0, 0.0, 0.154, 0.245, 0.015, 0.0, 0.0, 0.0, 0.0, 0.0, 0.0, 0.162]
The multis shape is (from BVLS): (424,)
There are 130 Multis that are NOT on Bounds. Old ones 130
Activity table BVLS multisSum is 58.13. The max multisSum could be Bench1 371.6412855557705. The energySavings are: 84.36.
------------------------
------------------------
IES files of troffer group B have been swapped. The swapping duration was: 3.040998697280884
{'Troffer 1': 0.11689447614102139, 'Troffer 2': 0.07454402587879397, 'Troffer 3': 0.11480352631955557, 'Troffer 4': 0.10778036690271947, 'Troffer 5': 0.1199236323936346, 'Troffer 6': 0.13425086996141067, 'Troffer 7': 0.13236580206512324, 'Troffer 8': 0.16413248675926426}
Counter value is: 13
------------------------
------------------------
Received Msg from UNITY is:
unity is done blending lights A and Bswap ies profiles to Table BVLS$ecoPlusPlus$0.5 1.5$(-1.640, 1.273, -3.009)(-3.684, 1.280, -2.708)(-2.210, 0.888, -1.573)(-4.220, 1.700, -10.692)$(-0.824, -0.035, -0.566)(0.985, -0.035, -0.171)(-0.683, -0.035, -0.729)(0.442, 0.000, 0.897)$1.000$False$swap ies profiles to Table BVLS$ecoPlusPlus$0.5 1.5$(-1.631, 1.273, -2.995)(-3.681, 1.280, -2.706)(-2.104, 0.888, -1.491)(-4.220, 1.700, -10.692)$(-0.848, -0.035, -0.529)(0.995, -0.035, -0.093)(-0.837, -0.035, -0.547)(0.442, 0.000, 0.897)$1.000$False$
------------------------
------------------------
Received Msg from UNITY is:
unity is done blending lights A and B
------------------------
------------------------
Received Msg from UNITY is:
swap ies profiles to Blackboard BVLS$eco$0.5 1.5$(-1.625, 1.273, -2.986)(-3.677, 1.280, -2.693)(-2.366, 1.388, -1.557)(-4.220, 1.700, -10.692)$(-0.861, -0.035, -0.508)(0.998, -0.035, -0.057)(-0.574, -0.035, -0.818)(0.442, 0.000, 0.897)$1.000$False$
Acivity is: swap ies profiles to Blackboard BVLS
EcoMode is: eco
Threshold1 is 0.5 and Threshold2 is 1.5
OG String is (-1.625, 1.273, -2.986)(-3.677, 1.280, -2.693)(-2.366, 1.388, -1.557)(-4.220, 1.700, -10.692).
Occupand Coords are [(-1.625, 1.273, -2.986), (-3.677, 1.28, -2.693), (-2.366, 1.388, -1.557), (-4.22, 1.7, -10.692)].
OG Gaze Vectors String is (-0.861, -0.035, -0.508)(0.998, -0.035, -0.057)(-0.574, -0.035, -0.818)(0.442, 0.000, 0.897).
Occupand Gaze Vectors are [array([-0.861, -0.035, -0.508]), array([ 0.998, -0.035, -0.057]), array([-0.574, -0.035, -0.818]), array([0.442, 0.   , 0.897])].
The Value of the Dimmer Slider is 1.0.
The Glare Mode is False.
The multis are (from BVLS): [0.022, 0.343, 0.0, 0.0, 0.0, 0.0, 0.0, 0.0, 0.0, 0.0, 0.0, 0.207, 0.097, 0.0, 0.0, 0.0, 0.0, -0.0, 0.145, 0.534, 0.095, 0.588, 0.064, 0.0, 0.516, 0.013, 0.72, 0.0, 0.492, 0.0, 0.0, 0.403, 0.011, 0.543, 0.0, 0.0, 0.0, 0.0, 0.547, 0.0, 0.475, 0.0, 0.0, 0.0, 0.0, 0.732, 0.0, 0.688, 0.0, 0.0, 0.0, 0.0, 1.0, 0.026, 0.0, 0.312, 0.0, 0.0, 0.0, 0.0, 0.0, 0.0, 0.0, 0.136, 0.0, 0.0, 0.0, 0.0, 0.0, 0.191, 0.213, 0.655, 0.02, 0.336, 0.643, 0.19, 0.647, 0.072, 0.233, 0.0, 0.0, 0.709, 0.0, 0.597, 0.0, 0.401, 0.0, 0.0, 0.0, 0.0, 0.469, 0.0, 0.573, 0.0, 0.0, 0.0, 0.0, 0.382, 0.0, 1.0, -0.0, 0.0, 0.0, 0.0, 0.428, 0.0, 0.389, 0.0, 0.662, 0.041, 0.0, 0.0, 0.0, 0.0, 0.0, 0.0, 0.041, 0.0, 0.032, 0.0, 0.648, 0.0, 0.0, 0.0, 0.0, 0.006, 0.0, 0.611, -0.0, 0.0, 0.0, 0.0, 0.009, 0.0, 0.612, 0.0, 0.0, 0.0, 0.0, 0.117, 0.034, 0.608, 0.0, 0.0, 0.0, 
0.0, 0.026, 0.649, 0.588, 0.0, 0.0, 0.0, 0.0, 0.064, 0.363, 0.978, 0.0, 0.0, 0.0, 0.312, 0.558, 0.0, 0.101, 0.0, 0.0, 0.0, 0.0, 0.0, 0.0, 0.0, 0.0, 0.0, -0.0, 0.655, 0.0, 0.0, 0.0, 0.0, 0.0, 0.0, 0.502, 0.0, 0.0, 0.0, 0.0, 0.0, 0.0, 0.786, 0.0, 0.0, 0.0, 0.0, 0.0, 0.0, 0.527, 0.183, 0.0, 0.0, 0.0, 0.0, 0.0, 0.398, 0.746, 0.0, 0.0, 0.0, 0.0, 0.0, 1.0, 0.456, 0.0, 0.0, 0.599, 0.0, 0.0, 1.0, 0.0, 0.0, -0.0, -0.0, 0.0, 0.0, 0.0, 0.0, 0.082, -0.0, 0.0, 0.0, 0.0, -0.0, 0.0, 0.106, 0.0, 0.0, 0.0, 0.0, 0.0, 0.0, 0.0, 0.0, -0.0, 0.0, 0.0, -0.0, 0.0, 0.0, 0.0, 0.772, 0.0, 0.0, 0.0, 0.0, 0.0, 0.0, 0.0, 0.0, 0.0, 0.0, 0.0, 0.0, 0.0, 0.0, 0.0, 0.0, 0.0, 0.488, 0.0, 0.0, 1.0, 0.0, 0.0, 0.0, 0.0, 0.0, 0.0, 0.0, 0.0, 0.0, 0.0, 0.0, 0.0, 0.0, 0.0, 0.0, 0.0, 0.0, 0.0, 0.0, 0.125, 0.0, 0.0, 0.0, 0.0, 0.069, 0.0, 0.0, 0.0, 0.0, 0.0, -0.0, 0.568, 0.0, 0.0, 0.0, 0.0, -0.0, 0.0, 0.0, 0.0, 0.0, 0.0, 0.0, 0.0, 0.0, 0.0, 0.0, 0.0, 0.0, 1.0, 0.0, 0.134, 1.0, 0.0, 0.826, 0.0, 0.0, -0.0, -0.0, 1.0, 0.0, 0.0, 0.114, -0.0, 0.0, 0.0, 1.0, 0.0, 0.0, 0.0, 0.0, 0.0, 0.0, 0.893, 0.0, -0.0, 0.0, 0.0, 0.0, 0.0, 0.118, 0.0, 0.0, 0.0, 0.0, 0.0, -0.0, 0.0, 0.0, 1.0, 1.0, 1.0, 1.0, 1.0, 1.0, 1.0, 1.0, 1.0, 1.0, 1.0, 1.0, 1.0, 
1.0, 0.396, 0.0, 1.0, 1.0, 0.0, 0.0, 0.0, 0.0, 0.571, 0.0, 0.442, -0.0, 0.0, 0.0, 0.0, -0.0, 0.0, 0.481, 0.0, 0.0, 0.0, 0.0, -0.0, 0.0, 0.025, 0.0, -0.0, 0.0, 0.0, 0.0, 0.0, 0.0, 0.0, -0.0, 0.0, 0.0, 0.0, 0.0, 1.0, 1.0, 1.0, 1.0, 1.0, 1.0, 0.0, 1.0, 1.0, 1.0, 1.0, 1.0, 1.0, 1.0]
The multis shape is (from BVLS): (424,)
There are 88 Multis that are NOT on Bounds. Old ones 88
Activity blackboard BVLS multisSum is 70.98. The max multisSum could be Bench1 371.6412855557705. The energySavings are: 80.90.
------------------------
------------------------
IES files of troffer group A have been swapped. The swapping duration was: 1.5969984531402588
{'Troffer 1': 0.14305448526562617, 'Troffer 2': 0.1467974118106089, 'Troffer 3': 0.1749089978373607, 'Troffer 4': 0.1658261318582271, 'Troffer 5': 0.14145055180661506, 'Troffer 6': 0.1297946072551399, 'Troffer 7': 0.3771558443394755, 'Troffer 8': 0.3793268144161309}
Counter value is: 14
------------------------
------------------------
Received Msg from UNITY is:
unity is done blending lights A and B
