Matrix Shape is: (1215, 424)
dict_keys(['Scene blackboard BVLS', 'Scene setForget BVLS', 'Scene table BVLS', 'Scene west BVLS'])
HumanAwareness calculated for multiple people.
ytps [50. 50. 50. ... 50. 50. 50.]
The multis are (from BVLS): [0.004, 0.554, 0.0, 0.555, 0.077, 0.0, 0.0, 0.0, 0.0, 0.0, 0.0, 0.161, 0.0, 0.0, 0.0, 0.0, 0.0, 0.0, 0.0, 1.0, 
0.082, 0.537, 0.112, 0.0, 0.0, 0.0, 0.016, 0.0, 0.013, 0.0, 0.0, 0.845, 0.0, 0.597, 0.0, 0.0, 0.0, 0.0, 0.479, 0.0, 0.178, 0.0, 0.0, 0.0, 0.0, 0.636, 0.0, 0.45, 0.0, 0.0, 0.0, 0.0, 0.777, 0.084, 0.0, 0.523, 0.166, 0.0, 0.0, 0.0, 0.0, 0.0, 0.0, 0.152, 0.0, 0.0, 0.0, 0.0, 0.0, 0.0, 0.147, 0.0, 0.0, 0.03, 0.477, 0.371, 0.798, 0.0, 0.657, 0.0, 0.0, 0.0, 0.0, 0.0, 0.0, 0.181, 0.0, 0.0, 0.0, 0.0, 0.297, 0.0, 0.448, 0.0, 0.0, 0.0, 0.0, 0.119, 0.0, 0.872, 0.0, 0.0, 0.0, 0.0, 0.319, 0.0, 0.429, 0.0, 1.0, 0.791, 0.0, 0.0, 0.0, 0.131, 0.0, 0.0, 0.0, 0.0, 0.0, 0.0, 0.0, 0.0, 0.0, 0.0, 0.0, 0.0, 0.0, 0.547, 0.0, 0.0, 0.0, 0.0, 0.027, 0.0, 0.183, 0.019, 0.0, 0.0, 0.0, 0.028, 0.049, 0.585, 0.0, 0.0, 0.0, 0.0, 0.0, 0.367, 0.118, 0.136, 0.0, 0.0, 0.0, 0.0, 0.058, 0.0, 0.0, 0.0, 0.0, 0.52, 0.972, 0.0, 0.665, 0.0, 0.0, 0.0, 0.0, 0.0, 0.0, 0.0, 0.0, 0.0, 0.0, 0.0, 0.0, 0.0, 0.0, 0.0, 0.0, 0.0, 0.531, 0.0, 0.006, 0.0, 0.0, 0.0, 0.0, 0.207, 0.022, 0.0, 0.0, 0.0, 0.0, 0.0, 0.573, 0.189, 0.0, 0.0, 0.0, 0.0, 0.101, 0.0, 0.265, 0.0, 0.0, 0.0, 0.0, 0.0, 0.0, 0.0, 0.0, 0.0, 0.852, 0.0, 1.0, 0.576, 0.0, 0.0, 0.0, 0.0, 0.0, 
0.0, 0.0, 0.0, 0.031, 0.238, 0.0, 0.069, 0.0, 0.0, 0.0, 0.086, 0.13, 0.341, 0.135, 0.0, 0.0, 0.0, 0.05, 0.0, 0.3, 0.0, 0.0, 0.0, 0.0, 0.05, 0.0, 0.65, 0.0, 0.0, 0.0, 0.0, 0.0, 0.0, 0.0, 0.0, 0.0, 0.0, 0.0, 0.0, 0.0, 0.0, 0.0, 0.0, 0.0, 0.736, 0.821, 0.0, 0.621, 0.0, 0.0, 0.0, 0.0, 0.0, 0.0, 0.0, 0.0, 0.0, 0.042, 0.0, 0.31, 0.0, 0.0, 0.0, 0.0, 0.021, 0.555, 0.195, 0.0, 0.0, 0.0, 0.0, 0.0, 0.188, 0.0, 0.015, 0.0, 0.0, 0.0, 0.0, 0.521, 0.0, 0.013, 0.0, 0.0, 0.0, 0.0, 0.0, 0.0, 0.0, 0.0, 0.0, 0.0, 0.0, 0.0, 0.0, 0.0, 0.0, 0.317, 0.59, 0.0, 0.135, 0.0, 0.499, 0.0, 0.0, 0.0, 0.0, 1.0, 0.0, 0.344, 0.0, 0.0, 0.0, 0.0, 0.779, 0.0, 0.383, 0.0, 0.0, 0.0, 0.0, 0.449, 0.0, 0.159, 0.0, 0.0, 0.0, 0.0, 0.65, 0.0, 0.466, 0.0, 0.18, 0.0, 0.0, 0.813, 0.118, 0.342, 0.116, 0.014, 0.0, 0.0, 0.0, 0.357, 0.0, 0.0, 0.0, 0.0, 0.0, 0.0, 0.21, 0.0, 0.533, 0.17, 1.0, 0.0, 0.0, 0.0, 0.0, 0.31, 0.0, 0.16, 0.0, 0.0, 0.0, 0.0, 0.016, 0.0, 0.591, 0.0, 0.0, 0.0, 0.0, 0.348, 0.0, 0.353, 0.0, 0.0, 0.0, 0.0, 0.014, 0.0, 0.784, 0.0, 0.242, 0.328, 0.0, 0.346, 0.0, 0.0, 0.0, 0.0, 0.024, 0.142, 0.379, 0.012, 0.0, 0.0, 0.0, 0.0, 0.0, 0.0, 0.435]
The multis shape is (from BVLS): (424,)
There are 122 Multis that are NOT on Bounds. Old ones 122
Bench1 sumMultis is 43.884437005376135
------------------------
------------------------
------------------------
------------------------
Counter value is: 0
------------------------
------------------------
Received Msg from UNITY is:
swap ies profiles to Table BVLS$eco$1 2$(-3.55, 1.0, -5.35)$(420.96, -109.03, -246.79)$1.0$False$
Acivity is: swap ies profiles to Table BVLS
EcoMode is: eco
Threshold1 is 1.0 and Threshold2 is 2.0
OG String is (-3.55, 1.0, -5.35).
Occupand Coords are [(-3.55, 1.0, -5.35)].
OG Gaze Vectors String is (420.96, -109.03, -246.79).
Occupand Gaze Vectors are [array([ 420.96, -109.03, -246.79])].
The Value of the Dimmer Slider is 1.0.
The Glare Mode is False.
The multis are (from BVLS): [0.0, 0.078, 0.0, 0.0, 0.0, 0.0, 0.0, 0.0, 0.0, 0.0, 0.0, 0.0, 0.0, 0.0, 0.0, 0.0, 0.0, 0.0, 0.0, 0.146, 0.0, 0.0, 0.0, 0.0, 0.0, 0.0, 0.048, 0.0, 0.0, 0.0, 0.0, 0.0, 0.0, 0.053, 0.0, 0.0, 0.655, 0.0, 0.0, 0.0, 0.0, 0.0, 0.0, 0.466, 0.0, 0.0, 0.0, 0.0, 0.0, 0.0, 0.049, 0.0, 0.0, 0.0, 0.0, 0.083, 0.0, 0.0, 0.0, 0.0, 0.0, 0.0, 0.0, 0.0, 0.0, 0.0, 0.0, 0.0, 0.0, 0.0, 0.0, 0.0, 0.0, 0.0, 0.0, 0.01, 0.159, 0.0, 0.0, 0.0, 0.0, 0.0, 0.0, 0.034, 0.0, 0.0, 0.0, 0.542, 0.0, 0.0, 0.044, 0.0, 0.0, 0.0, 0.088, 0.0, 0.0, 0.0, 0.0, 0.0, 
0.0, 0.48, 0.0, 0.0, 0.0, 0.0, 0.113, 0.0, 0.0, 0.091, 0.0, 0.0, 0.0, 0.0, 0.073, 0.071, 0.0, 0.0, 0.0, 0.0, 0.0, 0.121, 0.0, 0.0, 0.0, 0.0, 0.0, 0.0, 0.151, 0.0, 0.0, 0.0, 0.0, 0.0, 0.0, 0.049, 0.209, 0.0, 0.0, 0.0, 0.0, 0.0, 0.055, 0.429, 0.0, 0.0, 0.0, 0.0, 0.0, 0.234, 0.0, 
0.0, 0.0, 0.0, 0.0, 0.0, 0.0, 0.0, 0.0, 0.026, 0.0, 0.0, 0.0, 0.0, 0.0, 0.0, 0.0, 0.0, 0.0, 0.0, 0.0, 0.0, 0.0, 0.0, 0.0, 0.0, 0.0, 0.0, 0.365, 0.208, 0.0, 0.0, 0.0, 0.0, 0.0, 0.465, 0.093, 0.0, 0.0, 0.0, 0.0, 0.0, 0.582, 0.0, 0.0, 0.0, 0.0, 0.0, 0.0, 0.421, 0.322, 0.0, 0.0, 0.0, 0.0, 0.0, 0.0, 0.0, 0.0, 0.0, 0.0, 0.0, 0.083, 0.0, 0.0, 0.123, 0.0, 0.0, 0.0, 0.0, 0.0, 0.0, 0.0, 0.0, 0.0, 0.0, 0.0, 0.279, 0.164, 0.0, 0.0, 0.0, 0.0, 0.0, 0.092, 0.424, 0.0, 0.0, 0.0, 0.0, 0.0, 0.067, 0.09, 0.0, 0.0, 0.0, 0.0, 0.0, 0.127, 0.0, 0.0, 0.0, 0.0, 0.0, 0.0, 0.122, 0.0, 0.0, 0.0, 0.0, 0.0, 0.0, 0.0, 0.042, 0.0, 0.034, 0.0, 0.0, 0.038, 0.0, 0.0, 0.0, 0.0, 0.0, 0.0, 0.0, 0.0, 0.258, 0.306, 0.0, 0.0, 
0.0, 0.0, 0.0, 0.511, 0.091, 0.0, 0.0, 0.0, 0.0, 0.0, 0.544, 0.07, 0.0, 0.0, 0.0, 0.0, 0.0, 0.369, 0.231, 0.0, 0.0, 0.0, 0.0, 0.0, 0.0, 0.0, 0.0, 0.0, 0.0, 0.0, 0.0, 0.0, 0.0, 0.0, 0.0, 0.0, 0.0, 0.0, 0.078, 0.0, 0.009, 0.0, 0.0, 0.0, 0.0, 0.373, 0.0, 0.0, 0.0, 0.0, 0.0, 0.0, 0.451, 0.0, 0.0, 0.0, 0.069, 0.0, 0.0, 0.688, 0.0, 0.0, 0.0, 0.011, 0.0, 0.0, 0.0, 0.0, 0.0, 0.0, 0.143, 0.0, 0.0, 0.0, 0.0, 0.013, 0.0, 0.049, 0.0, 0.0, 0.0, 0.0, 0.0, 0.0, 0.0, 0.0, 0.0, 0.0, 0.0, 0.0, 0.0, 0.004, 0.086, 0.023, 0.0, 0.0, 0.27, 0.0, 0.0, 0.0, 0.0, 0.0, 0.0, 0.056, 0.0, 0.0, 0.0, 0.0, 0.0, 0.0, 0.572, 0.0, 0.0, 0.056, 0.0, 0.0, 0.0, 0.0, 0.0, 0.0, 0.041, 0.0, 0.0, 0.0, 0.0, 0.0, 0.0, 0.12, 0.0, 0.0, 0.0, 0.0, 0.0, 0.048, 0.068, 0.0, 0.0, 0.0, 0.0, 0.0, 0.0, 0.0, 0.03]
The multis shape is (from BVLS): (424,)
There are 78 Multis that are NOT on Bounds. Old ones 78
Activity table BVLS multisSum is 14.34. The max multisSum could be Bench1 43.884437005376135. The energySavings are: 67.33.
------------------------
------------------------
-------------------------------------
dict_keys(['MT8_b', 'MT8_l', 'MT8_r', 'MT8_u', 'MT8_11', 'MT8_12', 'MT8_13', 'MT8_14', 'MT8_15', 'MT8_16', 'MT8_17', 'MT8_21', 'MT8_22', 'MT8_23', 'MT8_24', 'MT8_25', 'MT8_26', 'MT8_27', 'MT8_31', 'MT8_32', 'MT8_33', 'MT8_34', 'MT8_35', 'MT8_36', 'MT8_37', 'MT8_41', 'MT8_42', 'MT8_43', 'MT8_44', 'MT8_45', 'MT8_46', 'MT8_47', 'MT8_51', 'MT8_52', 'MT8_53', 'MT8_54', 'MT8_55', 'MT8_56', 'MT8_57', 'MT8_61', 'MT8_62', 
'MT8_63', 'MT8_64', 'MT8_65', 'MT8_66', 'MT8_67', 'MT8_71', 'MT8_72', 'MT8_73', 'MT8_74', 'MT8_75', 'MT8_76', 'MT8_77'])
-------------------------------------
Counter value is: 1
------------------------
------------------------
Received Msg from UNITY is:
swap ies profiles to SetForget BVLS$eco$1 2$(-3.66, 1.5, -3.81)$(-287.25, 119.77, 391.34)$1.0$False$
Acivity is: swap ies profiles to SetForget BVLS
EcoMode is: eco
Threshold1 is 1.0 and Threshold2 is 2.0
OG String is (-3.66, 1.5, -3.81).
Occupand Coords are [(-3.66, 1.5, -3.81)].
OG Gaze Vectors String is (-287.25, 119.77, 391.34).
Occupand Gaze Vectors are [array([-287.25,  119.77,  391.34])].
The Value of the Dimmer Slider is 1.0.
The Glare Mode is False.
The multis are (from BVLS): [0.004, 0.554, 0.0, 0.555, 0.077, 0.0, 0.0, 0.0, 0.0, 0.0, 0.0, 0.161, 0.0, 0.0, 0.0, 0.0, 0.0, 0.0, 0.0, 1.0, 
0.082, 0.537, 0.112, 0.0, 0.0, 0.0, 0.016, 0.0, 0.013, 0.0, 0.0, 0.845, 0.0, 0.597, 0.0, 0.0, 0.0, 0.0, 0.479, 0.0, 0.178, 0.0, 0.0, 0.0, 0.0, 0.636, 0.0, 0.45, 0.0, 0.0, 0.0, 0.0, 0.777, 0.084, 0.0, 0.523, 0.166, 0.0, 0.0, 0.0, 0.0, 0.0, 0.0, 0.152, 0.0, 0.0, 0.0, 0.0, 0.0, 0.0, 0.147, 0.0, 0.0, 0.03, 0.477, 0.371, 0.798, 0.0, 0.657, 0.0, 0.0, 0.0, 0.0, 0.0, 0.0, 0.181, 0.0, 0.0, 0.0, 0.0, 0.297, 0.0, 0.448, 0.0, 0.0, 0.0, 0.0, 0.119, 0.0, 0.872, 0.0, 0.0, 0.0, 0.0, 0.319, 0.0, 0.429, 0.0, 1.0, 0.791, 0.0, 0.0, 0.0, 0.131, 0.0, 0.0, 0.0, 0.0, 0.0, 0.0, 0.0, 0.0, 0.0, 0.0, 0.0, 0.0, 0.0, 0.547, 0.0, 0.0, 0.0, 0.0, 0.027, 0.0, 0.183, 0.019, 0.0, 0.0, 0.0, 0.028, 0.049, 0.585, 0.0, 0.0, 0.0, 0.0, 0.0, 0.367, 0.118, 0.136, 0.0, 0.0, 0.0, 0.0, 0.058, 0.0, 0.0, 0.0, 0.0, 0.52, 0.972, 0.0, 0.665, 0.0, 0.0, 0.0, 0.0, 0.0, 0.0, 0.0, 0.0, 0.0, 0.0, 0.0, 0.0, 0.0, 0.0, 0.0, 0.0, 0.0, 0.531, 0.0, 0.006, 0.0, 0.0, 0.0, 0.0, 0.207, 0.022, 0.0, 0.0, 0.0, 0.0, 0.0, 0.573, 0.189, 0.0, 0.0, 0.0, 0.0, 0.101, 0.0, 0.265, 0.0, 0.0, 0.0, 0.0, 0.0, 0.0, 0.0, 0.0, 0.0, 0.852, 0.0, 1.0, 0.576, 0.0, 0.0, 0.0, 0.0, 0.0, 
0.0, 0.0, 0.0, 0.031, 0.238, 0.0, 0.069, 0.0, 0.0, 0.0, 0.086, 0.13, 0.341, 0.135, 0.0, 0.0, 0.0, 0.05, 0.0, 0.3, 0.0, 0.0, 0.0, 0.0, 0.05, 0.0, 0.65, 0.0, 0.0, 0.0, 0.0, 0.0, 0.0, 0.0, 0.0, 0.0, 0.0, 0.0, 0.0, 0.0, 0.0, 0.0, 0.0, 0.0, 0.736, 0.821, 0.0, 0.621, 0.0, 0.0, 0.0, 0.0, 0.0, 0.0, 0.0, 0.0, 0.0, 0.042, 0.0, 0.31, 0.0, 0.0, 0.0, 0.0, 0.021, 0.555, 0.195, 0.0, 0.0, 0.0, 0.0, 0.0, 0.188, 0.0, 0.015, 0.0, 0.0, 0.0, 0.0, 0.521, 0.0, 0.013, 0.0, 0.0, 0.0, 0.0, 0.0, 0.0, 0.0, 0.0, 0.0, 0.0, 0.0, 0.0, 0.0, 0.0, 0.0, 0.317, 0.59, 0.0, 0.135, 0.0, 0.499, 0.0, 0.0, 0.0, 0.0, 1.0, 0.0, 0.344, 0.0, 0.0, 0.0, 0.0, 0.779, 0.0, 0.383, 0.0, 0.0, 0.0, 0.0, 0.449, 0.0, 0.159, 0.0, 0.0, 0.0, 0.0, 0.65, 0.0, 0.466, 0.0, 0.18, 0.0, 0.0, 0.813, 0.118, 0.342, 0.116, 0.014, 0.0, 0.0, 0.0, 0.357, 0.0, 0.0, 0.0, 0.0, 0.0, 0.0, 0.21, 0.0, 0.533, 0.17, 1.0, 0.0, 0.0, 0.0, 0.0, 0.31, 0.0, 0.16, 0.0, 0.0, 0.0, 0.0, 0.016, 0.0, 0.591, 0.0, 0.0, 0.0, 0.0, 0.348, 0.0, 0.353, 0.0, 0.0, 0.0, 0.0, 0.014, 0.0, 0.784, 0.0, 0.242, 0.328, 0.0, 0.346, 0.0, 0.0, 0.0, 0.0, 0.024, 0.142, 0.379, 0.012, 0.0, 0.0, 0.0, 0.0, 0.0, 0.0, 0.435]
The multis shape is (from BVLS): (424,)
There are 122 Multis that are NOT on Bounds. Old ones 122
Activity setForget BVLS multisSum is 43.88. The max multisSum could be Bench1 43.884437005376135. The energySavings are: 0.00.
------------------------
------------------------
-------------------------------------
dict_keys(['MT8_b', 'MT8_l', 'MT8_r', 'MT8_u', 'MT8_11', 'MT8_12', 'MT8_13', 'MT8_14', 'MT8_15', 'MT8_16', 'MT8_17', 'MT8_21', 'MT8_22', 'MT8_23', 'MT8_24', 'MT8_25', 'MT8_26', 'MT8_27', 'MT8_31', 'MT8_32', 'MT8_33', 'MT8_34', 'MT8_35', 'MT8_36', 'MT8_37', 'MT8_41', 'MT8_42', 'MT8_43', 'MT8_44', 'MT8_45', 'MT8_46', 'MT8_47', 'MT8_51', 'MT8_52', 'MT8_53', 'MT8_54', 'MT8_55', 'MT8_56', 'MT8_57', 'MT8_61', 'MT8_62', 
'MT8_63', 'MT8_64', 'MT8_65', 'MT8_66', 'MT8_67', 'MT8_71', 'MT8_72', 'MT8_73', 'MT8_74', 'MT8_75', 'MT8_76', 'MT8_77'])
-------------------------------------
Counter value is: 2
------------------------
------------------------
Received Msg from UNITY is:
swap ies profiles to Table BVLS$eco$1 2$(-3.44, 1.0, -5.76)$(197.38, -85.61, -451.34)$1.0$False$
Acivity is: swap ies profiles to Table BVLS
EcoMode is: eco
Threshold1 is 1.0 and Threshold2 is 2.0
OG String is (-3.44, 1.0, -5.76).
Occupand Coords are [(-3.44, 1.0, -5.76)].
OG Gaze Vectors String is (197.38, -85.61, -451.34).
Occupand Gaze Vectors are [array([ 197.38,  -85.61, -451.34])].
The Value of the Dimmer Slider is 1.0.
The Glare Mode is False.
The multis are (from BVLS): [0.0, 0.078, 0.0, 0.0, 0.0, 0.0, 0.0, 0.0, 0.0, 0.0, 0.0, 0.0, 0.0, 0.0, 0.0, 0.0, 0.0, 0.0, 0.0, 0.146, 0.0, 0.0, 0.0, 0.0, 0.0, 0.0, 0.048, 0.0, 0.0, 0.0, 0.0, 0.0, 0.0, 0.053, 0.0, 0.0, 0.655, 0.0, 0.0, 0.0, 0.0, 0.0, 0.0, 0.466, 0.0, 0.0, 0.0, 0.0, 0.0, 0.0, 0.049, 0.0, 0.0, 0.0, 0.0, 0.083, 0.0, 0.0, 0.0, 0.0, 0.0, 0.0, 0.0, 0.0, 0.0, 0.0, 0.0, 0.0, 0.0, 0.0, 0.0, 0.0, 0.0, 0.0, 0.0, 0.01, 0.159, 0.0, 0.0, 0.0, 0.0, 0.0, 0.0, 0.034, 0.0, 0.0, 0.0, 0.542, 0.0, 0.0, 0.044, 0.0, 0.0, 0.0, 0.088, 0.0, 0.0, 0.0, 0.0, 0.0, 
0.0, 0.48, 0.0, 0.0, 0.0, 0.0, 0.113, 0.0, 0.0, 0.091, 0.0, 0.0, 0.0, 0.0, 0.073, 0.071, 0.0, 0.0, 0.0, 0.0, 0.0, 0.121, 0.0, 0.0, 0.0, 0.0, 0.0, 0.0, 0.151, 0.0, 0.0, 0.0, 0.0, 0.0, 0.0, 0.049, 0.209, 0.0, 0.0, 0.0, 0.0, 0.0, 0.055, 0.429, 0.0, 0.0, 0.0, 0.0, 0.0, 0.234, 0.0, 
0.0, 0.0, 0.0, 0.0, 0.0, 0.0, 0.0, 0.0, 0.026, 0.0, 0.0, 0.0, 0.0, 0.0, 0.0, 0.0, 0.0, 0.0, 0.0, 0.0, 0.0, 0.0, 0.0, 0.0, 0.0, 0.0, 0.0, 0.365, 0.208, 0.0, 0.0, 0.0, 0.0, 0.0, 0.465, 0.093, 0.0, 0.0, 0.0, 0.0, 0.0, 0.582, 0.0, 0.0, 0.0, 0.0, 0.0, 0.0, 0.421, 0.322, 0.0, 0.0, 0.0, 0.0, 0.0, 0.0, 0.0, 0.0, 0.0, 0.0, 0.0, 0.083, 0.0, 0.0, 0.123, 0.0, 0.0, 0.0, 0.0, 0.0, 0.0, 0.0, 0.0, 0.0, 0.0, 0.0, 0.279, 0.164, 0.0, 0.0, 0.0, 0.0, 0.0, 0.092, 0.424, 0.0, 0.0, 0.0, 0.0, 0.0, 0.067, 0.09, 0.0, 0.0, 0.0, 0.0, 0.0, 0.127, 0.0, 0.0, 0.0, 0.0, 0.0, 0.0, 0.122, 0.0, 0.0, 0.0, 0.0, 0.0, 0.0, 0.0, 0.042, 0.0, 0.034, 0.0, 0.0, 0.038, 0.0, 0.0, 0.0, 0.0, 0.0, 0.0, 0.0, 0.0, 0.258, 0.306, 0.0, 0.0, 
0.0, 0.0, 0.0, 0.511, 0.091, 0.0, 0.0, 0.0, 0.0, 0.0, 0.544, 0.07, 0.0, 0.0, 0.0, 0.0, 0.0, 0.369, 0.231, 0.0, 0.0, 0.0, 0.0, 0.0, 0.0, 0.0, 0.0, 0.0, 0.0, 0.0, 0.0, 0.0, 0.0, 0.0, 0.0, 0.0, 0.0, 0.0, 0.078, 0.0, 0.009, 0.0, 0.0, 0.0, 0.0, 0.373, 0.0, 0.0, 0.0, 0.0, 0.0, 0.0, 0.451, 0.0, 0.0, 0.0, 0.069, 0.0, 0.0, 0.688, 0.0, 0.0, 0.0, 0.011, 0.0, 0.0, 0.0, 0.0, 0.0, 0.0, 0.143, 0.0, 0.0, 0.0, 0.0, 0.013, 0.0, 0.049, 0.0, 0.0, 0.0, 0.0, 0.0, 0.0, 0.0, 0.0, 0.0, 0.0, 0.0, 0.0, 0.0, 0.004, 0.086, 0.023, 0.0, 0.0, 0.27, 0.0, 0.0, 0.0, 0.0, 0.0, 0.0, 0.056, 0.0, 0.0, 0.0, 0.0, 0.0, 0.0, 0.572, 0.0, 0.0, 0.056, 0.0, 0.0, 0.0, 0.0, 0.0, 0.0, 0.041, 0.0, 0.0, 0.0, 0.0, 0.0, 0.0, 0.12, 0.0, 0.0, 0.0, 0.0, 0.0, 0.048, 0.068, 0.0, 0.0, 0.0, 0.0, 0.0, 0.0, 0.0, 0.03]
The multis shape is (from BVLS): (424,)
There are 78 Multis that are NOT on Bounds. Old ones 78
Activity table BVLS multisSum is 14.34. The max multisSum could be Bench1 43.884437005376135. The energySavings are: 67.33.
------------------------
------------------------
-------------------------------------
dict_keys(['MT8_b', 'MT8_l', 'MT8_r', 'MT8_u', 'MT8_11', 'MT8_12', 'MT8_13', 'MT8_14', 'MT8_15', 'MT8_16', 'MT8_17', 'MT8_21', 'MT8_22', 'MT8_23', 'MT8_24', 'MT8_25', 'MT8_26', 'MT8_27', 'MT8_31', 'MT8_32', 'MT8_33', 'MT8_34', 'MT8_35', 'MT8_36', 'MT8_37', 'MT8_41', 'MT8_42', 'MT8_43', 'MT8_44', 'MT8_45', 'MT8_46', 'MT8_47', 'MT8_51', 'MT8_52', 'MT8_53', 'MT8_54', 'MT8_55', 'MT8_56', 'MT8_57', 'MT8_61', 'MT8_62', 
'MT8_63', 'MT8_64', 'MT8_65', 'MT8_66', 'MT8_67', 'MT8_71', 'MT8_72', 'MT8_73', 'MT8_74', 'MT8_75', 'MT8_76', 'MT8_77'])
-------------------------------------
Counter value is: 3
------------------------
------------------------
Received Msg from UNITY is:
swap ies profiles to SetForget BVLS$eco$1 2$(-3.5, 1.5, -7.9)$(-336.94, -368.04, 31.98)$1.0$False$
Acivity is: swap ies profiles to SetForget BVLS
EcoMode is: eco
Threshold1 is 1.0 and Threshold2 is 2.0
OG String is (-3.5, 1.5, -7.9).
Occupand Coords are [(-3.5, 1.5, -7.9)].
OG Gaze Vectors String is (-336.94, -368.04, 31.98).
Occupand Gaze Vectors are [array([-336.94, -368.04,   31.98])].
The Value of the Dimmer Slider is 1.0.
The Glare Mode is False.
The multis are (from BVLS): [0.004, 0.554, 0.0, 0.555, 0.077, 0.0, 0.0, 0.0, 0.0, 0.0, 0.0, 0.161, 0.0, 0.0, 0.0, 0.0, 0.0, 0.0, 0.0, 1.0, 
0.082, 0.537, 0.112, 0.0, 0.0, 0.0, 0.016, 0.0, 0.013, 0.0, 0.0, 0.845, 0.0, 0.597, 0.0, 0.0, 0.0, 0.0, 0.479, 0.0, 0.178, 0.0, 0.0, 0.0, 0.0, 0.636, 0.0, 0.45, 0.0, 0.0, 0.0, 0.0, 0.777, 0.084, 0.0, 0.523, 0.166, 0.0, 0.0, 0.0, 0.0, 0.0, 0.0, 0.152, 0.0, 0.0, 0.0, 0.0, 0.0, 0.0, 0.147, 0.0, 0.0, 0.03, 0.477, 0.371, 0.798, 0.0, 0.657, 0.0, 0.0, 0.0, 0.0, 0.0, 0.0, 0.181, 0.0, 0.0, 0.0, 0.0, 0.297, 0.0, 0.448, 0.0, 0.0, 0.0, 0.0, 0.119, 0.0, 0.872, 0.0, 0.0, 0.0, 0.0, 0.319, 0.0, 0.429, 0.0, 1.0, 0.791, 0.0, 0.0, 0.0, 0.131, 0.0, 0.0, 0.0, 0.0, 0.0, 0.0, 0.0, 0.0, 0.0, 0.0, 0.0, 0.0, 0.0, 0.547, 0.0, 0.0, 0.0, 0.0, 0.027, 0.0, 0.183, 0.019, 0.0, 0.0, 0.0, 0.028, 0.049, 0.585, 0.0, 0.0, 0.0, 0.0, 0.0, 0.367, 0.118, 0.136, 0.0, 0.0, 0.0, 0.0, 0.058, 0.0, 0.0, 0.0, 0.0, 0.52, 0.972, 0.0, 0.665, 0.0, 0.0, 0.0, 0.0, 0.0, 0.0, 0.0, 0.0, 0.0, 0.0, 0.0, 0.0, 0.0, 0.0, 0.0, 0.0, 0.0, 0.531, 0.0, 0.006, 0.0, 0.0, 0.0, 0.0, 0.207, 0.022, 0.0, 0.0, 0.0, 0.0, 0.0, 0.573, 0.189, 0.0, 0.0, 0.0, 0.0, 0.101, 0.0, 0.265, 0.0, 0.0, 0.0, 0.0, 0.0, 0.0, 0.0, 0.0, 0.0, 0.852, 0.0, 1.0, 0.576, 0.0, 0.0, 0.0, 0.0, 0.0, 
0.0, 0.0, 0.0, 0.031, 0.238, 0.0, 0.069, 0.0, 0.0, 0.0, 0.086, 0.13, 0.341, 0.135, 0.0, 0.0, 0.0, 0.05, 0.0, 0.3, 0.0, 0.0, 0.0, 0.0, 0.05, 0.0, 0.65, 0.0, 0.0, 0.0, 0.0, 0.0, 0.0, 0.0, 0.0, 0.0, 0.0, 0.0, 0.0, 0.0, 0.0, 0.0, 0.0, 0.0, 0.736, 0.821, 0.0, 0.621, 0.0, 0.0, 0.0, 0.0, 0.0, 0.0, 0.0, 0.0, 0.0, 0.042, 0.0, 0.31, 0.0, 0.0, 0.0, 0.0, 0.021, 0.555, 0.195, 0.0, 0.0, 0.0, 0.0, 0.0, 0.188, 0.0, 0.015, 0.0, 0.0, 0.0, 0.0, 0.521, 0.0, 0.013, 0.0, 0.0, 0.0, 0.0, 0.0, 0.0, 0.0, 0.0, 0.0, 0.0, 0.0, 0.0, 0.0, 0.0, 0.0, 0.317, 0.59, 0.0, 0.135, 0.0, 0.499, 0.0, 0.0, 0.0, 0.0, 1.0, 0.0, 0.344, 0.0, 0.0, 0.0, 0.0, 0.779, 0.0, 0.383, 0.0, 0.0, 0.0, 0.0, 0.449, 0.0, 0.159, 0.0, 0.0, 0.0, 0.0, 0.65, 0.0, 0.466, 0.0, 0.18, 0.0, 0.0, 0.813, 0.118, 0.342, 0.116, 0.014, 0.0, 0.0, 0.0, 0.357, 0.0, 0.0, 0.0, 0.0, 0.0, 0.0, 0.21, 0.0, 0.533, 0.17, 1.0, 0.0, 0.0, 0.0, 0.0, 0.31, 0.0, 0.16, 0.0, 0.0, 0.0, 0.0, 0.016, 0.0, 0.591, 0.0, 0.0, 0.0, 0.0, 0.348, 0.0, 0.353, 0.0, 0.0, 0.0, 0.0, 0.014, 0.0, 0.784, 0.0, 0.242, 0.328, 0.0, 0.346, 0.0, 0.0, 0.0, 0.0, 0.024, 0.142, 0.379, 0.012, 0.0, 0.0, 0.0, 0.0, 0.0, 0.0, 0.435]
The multis shape is (from BVLS): (424,)
There are 122 Multis that are NOT on Bounds. Old ones 122
Activity setForget BVLS multisSum is 43.88. The max multisSum could be Bench1 43.884437005376135. The energySavings are: 0.00.
------------------------
------------------------
-------------------------------------
dict_keys(['MT8_b', 'MT8_l', 'MT8_r', 'MT8_u', 'MT8_11', 'MT8_12', 'MT8_13', 'MT8_14', 'MT8_15', 'MT8_16', 'MT8_17', 'MT8_21', 'MT8_22', 'MT8_23', 'MT8_24', 'MT8_25', 'MT8_26', 'MT8_27', 'MT8_31', 'MT8_32', 'MT8_33', 'MT8_34', 'MT8_35', 'MT8_36', 'MT8_37', 'MT8_41', 'MT8_42', 'MT8_43', 'MT8_44', 'MT8_45', 'MT8_46', 'MT8_47', 'MT8_51', 'MT8_52', 'MT8_53', 'MT8_54', 'MT8_55', 'MT8_56', 'MT8_57', 'MT8_61', 'MT8_62', 
'MT8_63', 'MT8_64', 'MT8_65', 'MT8_66', 'MT8_67', 'MT8_71', 'MT8_72', 'MT8_73', 'MT8_74', 'MT8_75', 'MT8_76', 'MT8_77'])
-------------------------------------
Counter value is: 4
