0.0158172518566387 -0.422618261740699 -0.906169751970884
0.906169751970884 -0.422618261740699 0.0158172518566386
-0.906169751970884 -0.422618261740699 -0.0158172518566385
-0.0158172518566386 -0.422618261740699 0.906169751970884
0.603289118895764 -0.544639035015027 -0.58258953008089
0.458078509796326 -0.601815023152048 -0.654203910697021
0.204838474683674 -0.669130606358858 -0.714356655266186
4.47810194947176e-17 -0.681998360062498 -0.73135370161917
-0.217274519480706 -0.669130606358858 -0.710672930973352
-0.451984399860046 -0.615661475325658 -0.645500619738656
-0.593029645775782 -0.544639035015027 -0.593029645775782
0.660881426274451 -0.615661475325658 -0.429181416425829
0.491197644359554 -0.707106781186548 -0.508650050796837
0.26596228974346 -0.777145961456971 -0.570357970949418
-0.0105031203841127 -0.798635510047293 -0.601723363809066
-0.260189782522844 -0.788010753606722 -0.557978789266117
-0.491197644359554 -0.707106781186548 -0.508650050796837
-0.660881426274451 -0.615661475325658 -0.42918141642583
0.713591927283394 -0.656059028990507 -0.245709405184263
0.543596817654766 -0.788010753606722 -0.289035554968204
0.291819468147981 -0.891006524188368 -0.347776899554288
-0.0249984844631928 -0.933580426497202 -0.357494983231718
-0.32657343543829 -0.891006524188368 -0.315368300752939
-0.548558391206597 -0.788010753606722 -0.279504460853482
-0.713591927283394 -0.656059028990507 -0.245709405184263
0.718901597968196 -0.694658370458997 -0.0251045969898965
0.558852258262839 -0.829037572555042 -0.0195155508907393
0.357876818725374 -0.933580426497202 -0.0187555293262763
-0.0350195901352117 -0.998629534754574 0.038893195068355
-0.358149641473215 -0.933580426497202 -0.0125068610734383
-0.57348907788161 -0.819152044288992 0.0100102890900469
-0.719339800338651 -0.694658370458997 -8.80908090052032e-17
0.714356655266186 -0.669130606358858 0.204838474683674
0.562434744229297 -0.788010753606722 0.250412081745053
0.320178835915956 -0.882947592858927 0.343349765248398
-0.031233824819576 -0.933580426497202 0.357004251303038
-0.337709580239077 -0.882947592858927 0.326122350781686
-0.570357970949417 -0.777145961456971 0.265962289743459
-0.725473411025839 -0.656059028990507 0.208026153102362
0.65176944487161 -0.629320391049838 0.42326402651375
0.491197644359554 -0.719339800338651 0.491197644359554
0.307830737662829 -0.788010753606722 0.533178477763426
-0.0200175289490655 -0.819152044288992 0.573227029083538
-0.263818341854059 -0.798635510047293 0.540907759782456
-0.5 -0.707106781186547 0.5
-0.654203910697022 -0.601815023152048 0.458078509796326
0.58258953008089 -0.544639035015027 0.603289118895764
0.434968073520891 -0.601815023152048 0.669792096792747
0.204838474683674 -0.669130606358858 0.714356655266186
-0.0493252756161325 -0.707106781186548 0.705384304606639
-0.241944289325061 -0.669130606358858 0.702657236849389
-0.446591309678187 -0.601815023152048 0.662098844605865
-0.58258953008089 -0.544639035015027 0.603289118895764
