SamplePoint_ID SamplePointX SamplePointY SamplePointZ ColorR ColorG ColorB ColorA
PT_0000 -0.9290 0.1020 -0.3040 0.0000 0.0000 1.0000 1.0000
PT_0001 -0.9290 0.1020 -0.6330 0.0000 0.0000 1.0000 1.0000
PT_0002 -0.9290 0.1020 -0.9610 0.0000 0.0000 1.0000 1.0000
PT_0003 -0.9290 0.1020 -1.2890 0.0000 0.0000 1.0000 1.0000
PT_0004 -0.9290 0.1020 -1.6180 0.0000 0.0000 1.0000 1.0000
PT_0005 -0.9290 0.1020 -1.9460 0.0000 0.0000 1.0000 1.0000
PT_0006 -0.9290 0.1020 -2.2740 0.0000 0.0000 1.0000 1.0000
PT_0007 -0.9290 0.1020 -2.6030 0.0900 0.0000 0.9100 1.0000
PT_0008 -0.9290 0.1020 -2.9310 0.1460 0.0000 0.8540 1.0000
PT_0009 -0.9290 0.1020 -3.2590 0.1239 0.0000 0.8761 1.0000
PT_0010 -0.9290 0.1020 -3.5880 0.0268 0.0000 0.9732 1.0000
PT_0011 -0.9290 0.1020 -3.9160 0.0000 0.0000 1.0000 1.0000
PT_0012 -0.9290 0.1020 -4.2440 0.0000 0.0000 1.0000 1.0000
PT_0013 -0.9290 0.1020 -4.5720 0.0000 0.0000 1.0000 1.0000
PT_0014 -0.9290 0.1020 -4.9010 0.0000 0.0000 1.0000 1.0000
PT_0015 -0.9290 0.1020 -5.2290 0.0000 0.0000 1.0000 1.0000
PT_0016 -0.9290 0.1020 -5.5570 0.0000 0.0000 1.0000 1.0000
PT_0017 -0.9290 0.1020 -5.8860 0.0000 0.0000 1.0000 1.0000
PT_0018 -0.9290 0.1020 -6.2140 0.0000 0.0000 1.0000 1.0000
PT_0019 -0.9290 0.1020 -6.5420 0.0000 0.0000 1.0000 1.0000
PT_0020 -0.9290 0.1020 -6.8710 0.0000 0.0000 1.0000 1.0000
PT_0021 -0.9290 0.1020 -7.1990 0.0000 0.0000 1.0000 1.0000
PT_0022 -0.9290 0.1020 -7.5270 0.0000 0.0000 1.0000 1.0000
PT_0023 -0.9290 0.1020 -7.8560 0.0000 0.0000 1.0000 1.0000
PT_0024 -0.9290 0.1020 -8.1840 0.0000 0.0000 1.0000 1.0000
PT_0025 -0.9290 0.1020 -8.5120 0.0000 0.0000 1.0000 1.0000
PT_0026 -0.9290 0.1020 -8.8410 0.0000 0.0000 1.0000 1.0000
PT_0027 -0.9290 0.1020 -9.1690 0.0000 0.0000 1.0000 1.0000
PT_0028 -0.9290 0.1020 -9.4970 0.0000 0.0000 1.0000 1.0000
PT_0029 -0.9290 0.1020 -9.8250 0.0000 0.0000 1.0000 1.0000
PT_0030 -0.9290 0.1020 -10.1540 0.0000 0.0000 1.0000 1.0000
PT_0031 -1.2520 0.1020 -0.3040 0.0000 0.0000 1.0000 1.0000
PT_0032 -1.2520 0.1020 -0.6330 0.0000 0.0000 1.0000 1.0000
PT_0033 -1.2520 0.1020 -0.9610 0.0000 0.0000 1.0000 1.0000
PT_0034 -1.2520 0.1020 -1.2890 0.0000 0.0000 1.0000 1.0000
PT_0035 -1.2520 0.1020 -1.6180 0.0000 0.0000 1.0000 1.0000
PT_0036 -1.2520 0.1020 -1.9460 0.0000 0.0000 1.0000 1.0000
PT_0037 -1.2520 0.1020 -2.2740 0.0762 0.0000 0.9238 1.0000
PT_0038 -1.2520 0.1020 -2.6030 0.2132 0.0000 0.7868 1.0000
PT_0039 -1.2520 0.1020 -2.9310 0.2748 0.0000 0.7252 1.0000
PT_0040 -1.2520 0.1020 -3.2590 0.2504 0.0000 0.7496 1.0000
PT_0041 -1.2520 0.1020 -3.5880 0.1442 0.0000 0.8558 1.0000
PT_0042 -1.2520 0.1020 -3.9160 0.0000 0.0000 1.0000 1.0000
PT_0043 -1.2520 0.1020 -4.2440 0.0000 0.0000 1.0000 1.0000
PT_0044 -1.2520 0.1020 -4.5720 0.0000 0.0000 1.0000 1.0000
PT_0045 -1.2520 0.1020 -4.9010 0.0000 0.0000 1.0000 1.0000
PT_0046 -1.2520 0.1020 -5.2290 0.0000 0.0000 1.0000 1.0000
PT_0047 -1.2520 0.1020 -5.5570 0.0000 0.0000 1.0000 1.0000
PT_0048 -1.2520 0.1020 -5.8860 0.0000 0.0000 1.0000 1.0000
PT_0049 -1.2520 0.1020 -6.2140 0.0000 0.0000 1.0000 1.0000
PT_0050 -1.2520 0.1020 -6.5420 0.0000 0.0000 1.0000 1.0000
PT_0051 -1.2520 0.1020 -6.8710 0.0000 0.0000 1.0000 1.0000
PT_0052 -1.2520 0.1020 -7.1990 0.0000 0.0000 1.0000 1.0000
PT_0053 -1.2520 0.1020 -7.5270 0.0000 0.0000 1.0000 1.0000
PT_0054 -1.2520 0.1020 -7.8560 0.0000 0.0000 1.0000 1.0000
PT_0055 -1.2520 0.1020 -8.1840 0.0000 0.0000 1.0000 1.0000
PT_0056 -1.2520 0.1020 -8.5120 0.0000 0.0000 1.0000 1.0000
PT_0057 -1.2520 0.1020 -8.8410 0.0000 0.0000 1.0000 1.0000
PT_0058 -1.2520 0.1020 -9.1690 0.0000 0.0000 1.0000 1.0000
PT_0059 -1.2520 0.1020 -9.4970 0.0000 0.0000 1.0000 1.0000
PT_0060 -1.2520 0.1020 -9.8250 0.0000 0.0000 1.0000 1.0000
PT_0061 -1.2520 0.1020 -10.1540 0.0000 0.0000 1.0000 1.0000
PT_0062 -1.5760 0.1020 -0.3040 0.0000 0.0000 1.0000 1.0000
PT_0063 -1.5760 0.1020 -0.6330 0.0000 0.0000 1.0000 1.0000
PT_0064 -1.5760 0.1020 -0.9610 0.0000 0.0000 1.0000 1.0000
PT_0065 -1.5760 0.1020 -1.2890 0.0000 0.0000 1.0000 1.0000
PT_0066 -1.5760 0.1020 -1.6180 0.0000 0.0000 1.0000 1.0000
PT_0067 -1.5760 0.1020 -1.9460 0.0000 0.0000 1.0000 1.0000
PT_0068 -1.5760 0.1020 -2.2740 0.1203 0.0000 0.8797 1.0000
PT_0069 -1.5760 0.1020 -2.6030 0.2622 0.0000 0.7378 1.0000
PT_0070 -1.5760 0.1020 -2.9310 0.3264 0.0000 0.6736 1.0000
PT_0071 -1.5760 0.1020 -3.2590 0.3010 0.0000 0.6990 1.0000
PT_0072 -1.5760 0.1020 -3.5880 0.1907 0.0000 0.8093 1.0000
PT_0073 -1.5760 0.1020 -3.9160 0.0149 0.0000 0.9851 1.0000
PT_0074 -1.5760 0.1020 -4.2440 0.0000 0.0000 1.0000 1.0000
PT_0075 -1.5760 0.1020 -4.5720 0.0000 0.0000 1.0000 1.0000
PT_0076 -1.5760 0.1020 -4.9010 0.0000 0.0000 1.0000 1.0000
PT_0077 -1.5760 0.1020 -5.2290 0.0000 0.0000 1.0000 1.0000
PT_0078 -1.5760 0.1020 -5.5570 0.0000 0.0000 1.0000 1.0000
PT_0079 -1.5760 0.1020 -5.8860 0.0000 0.0000 1.0000 1.0000
PT_0080 -1.5760 0.1020 -6.2140 0.0000 0.0000 1.0000 1.0000
PT_0081 -1.5760 0.1020 -6.5420 0.0000 0.0000 1.0000 1.0000
PT_0082 -1.5760 0.1020 -6.8710 0.0000 0.0000 1.0000 1.0000
PT_0083 -1.5760 0.1020 -7.1990 0.0000 0.0000 1.0000 1.0000
PT_0084 -1.5760 0.1020 -7.5270 0.0000 0.0000 1.0000 1.0000
PT_0085 -1.5760 0.1020 -7.8560 0.0000 0.0000 1.0000 1.0000
PT_0086 -1.5760 0.1020 -8.1840 0.0000 0.0000 1.0000 1.0000
PT_0087 -1.5760 0.1020 -8.5120 0.0000 0.0000 1.0000 1.0000
PT_0088 -1.5760 0.1020 -8.8410 0.0000 0.0000 1.0000 1.0000
PT_0089 -1.5760 0.1020 -9.1690 0.0000 0.0000 1.0000 1.0000
PT_0090 -1.5760 0.1020 -9.4970 0.0000 0.0000 1.0000 1.0000
PT_0091 -1.5760 0.1020 -9.8250 0.0000 0.0000 1.0000 1.0000
PT_0092 -1.5760 0.1020 -10.1540 0.0000 0.0000 1.0000 1.0000
PT_0093 -1.8990 0.1020 -0.3040 0.0000 0.0000 1.0000 1.0000
PT_0094 -1.8990 0.1020 -0.6330 0.0000 0.0000 1.0000 1.0000
PT_0095 -1.8990 0.1020 -0.9610 0.0000 0.0000 1.0000 1.0000
PT_0096 -1.8990 0.1020 -1.2890 0.0000 0.0000 1.0000 1.0000
PT_0097 -1.8990 0.1020 -1.6180 0.0000 0.0000 1.0000 1.0000
PT_0098 -1.8990 0.1020 -1.9460 0.0000 0.0000 1.0000 1.0000
PT_0099 -1.8990 0.1020 -2.2740 0.0896 0.0000 0.9104 1.0000
PT_0100 -1.8990 0.1020 -2.6030 0.2281 0.0000 0.7719 1.0000
PT_0101 -1.8990 0.1020 -2.9310 0.2905 0.0000 0.7095 1.0000
PT_0102 -1.8990 0.1020 -3.2590 0.2658 0.0000 0.7342 1.0000
PT_0103 -1.8990 0.1020 -3.5880 0.1584 0.0000 0.8416 1.0000
PT_0104 -1.8990 0.1020 -3.9160 0.0000 0.0000 1.0000 1.0000
PT_0105 -1.8990 0.1020 -4.2440 0.0000 0.0000 1.0000 1.0000
PT_0106 -1.8990 0.1020 -4.5720 0.0000 0.0000 1.0000 1.0000
PT_0107 -1.8990 0.1020 -4.9010 0.0000 0.0000 1.0000 1.0000
PT_0108 -1.8990 0.1020 -5.2290 0.0000 0.0000 1.0000 1.0000
PT_0109 -1.8990 0.1020 -5.5570 0.0000 0.0000 1.0000 1.0000
PT_0110 -1.8990 0.1020 -5.8860 0.0000 0.0000 1.0000 1.0000
PT_0111 -1.8990 0.1020 -6.2140 0.0000 0.0000 1.0000 1.0000
PT_0112 -1.8990 0.1020 -6.5420 0.0000 0.0000 1.0000 1.0000
PT_0113 -1.8990 0.1020 -6.8710 0.0000 0.0000 1.0000 1.0000
PT_0114 -1.8990 0.1020 -7.1990 0.0000 0.0000 1.0000 1.0000
PT_0115 -1.8990 0.1020 -7.5270 0.0000 0.0000 1.0000 1.0000
PT_0116 -1.8990 0.1020 -7.8560 0.0000 0.0000 1.0000 1.0000
PT_0117 -1.8990 0.1020 -8.1840 0.0000 0.0000 1.0000 1.0000
PT_0118 -1.8990 0.1020 -8.5120 0.0000 0.0000 1.0000 1.0000
PT_0119 -1.8990 0.1020 -8.8410 0.0000 0.0000 1.0000 1.0000
PT_0120 -1.8990 0.1020 -9.1690 0.0000 0.0000 1.0000 1.0000
PT_0121 -1.8990 0.1020 -9.4970 0.0000 0.0000 1.0000 1.0000
PT_0122 -1.8990 0.1020 -9.8250 0.0000 0.0000 1.0000 1.0000
PT_0123 -1.8990 0.1020 -10.1540 0.0000 0.0000 1.0000 1.0000
PT_0124 -2.2230 0.1020 -0.3040 0.0000 0.0000 1.0000 1.0000
PT_0125 -2.2230 0.1020 -0.6330 0.0000 0.0000 1.0000 1.0000
PT_0126 -2.2230 0.1020 -0.9610 0.0000 0.0000 1.0000 1.0000
PT_0127 -2.2230 0.1020 -1.2890 0.0000 0.0000 1.0000 1.0000
PT_0128 -2.2230 0.1020 -1.6180 0.0000 0.0000 1.0000 1.0000
PT_0129 -2.2230 0.1020 -9.1690 0.0000 0.0000 1.0000 1.0000
PT_0130 -2.2230 0.1020 -9.4970 0.0000 0.0000 1.0000 1.0000
PT_0131 -2.2230 0.1020 -9.8250 0.0000 0.0000 1.0000 1.0000
PT_0132 -2.2230 0.1020 -10.1540 0.0000 0.0000 1.0000 1.0000
PT_0133 -2.5460 0.1020 -0.3040 0.0000 0.0000 1.0000 1.0000
PT_0134 -2.5460 0.1020 -0.6330 0.0000 0.0000 1.0000 1.0000
PT_0135 -2.5460 0.1020 -0.9610 0.0502 0.0000 0.9498 1.0000
PT_0136 -2.5460 0.1020 -1.2890 0.0896 0.0000 0.9104 1.0000
PT_0137 -2.5460 0.1020 -1.6180 0.0536 0.0000 0.9464 1.0000
PT_0138 -2.5460 0.1020 -9.1690 0.0000 0.0000 1.0000 1.0000
PT_0139 -2.5460 0.1020 -9.4970 0.0000 0.0000 1.0000 1.0000
PT_0140 -2.5460 0.1020 -9.8250 0.0000 0.0000 1.0000 1.0000
PT_0141 -2.5460 0.1020 -10.1540 0.0000 0.0000 1.0000 1.0000
PT_0142 -2.8700 0.1020 -0.3040 0.0000 0.0000 1.0000 1.0000
PT_0143 -2.8700 0.1020 -0.6330 0.0304 0.0000 0.9696 1.0000
PT_0144 -2.8700 0.1020 -0.9610 0.1466 0.0000 0.8534 1.0000
PT_0145 -2.8700 0.1020 -1.2890 0.1889 0.0000 0.8111 1.0000
PT_0146 -2.8700 0.1020 -1.6180 0.1502 0.0000 0.8498 1.0000
PT_0147 -2.8700 0.1020 -9.1690 0.0000 0.0000 1.0000 1.0000
PT_0148 -2.8700 0.1020 -9.4970 0.0000 0.0000 1.0000 1.0000
PT_0149 -2.8700 0.1020 -9.8250 0.0000 0.0000 1.0000 1.0000
PT_0150 -2.8700 0.1020 -10.1540 0.0000 0.0000 1.0000 1.0000
PT_0151 -3.1930 0.1020 -0.3040 0.0000 0.0000 1.0000 1.0000
PT_0152 -3.1930 0.1020 -0.6330 0.0511 0.0000 0.9489 1.0000
PT_0153 -3.1930 0.1020 -0.9610 0.1691 0.0000 0.8309 1.0000
PT_0154 -3.1930 0.1020 -1.2890 0.2122 0.0000 0.7878 1.0000
PT_0155 -3.1930 0.1020 -1.6180 0.1728 0.0000 0.8272 1.0000
PT_0156 -3.1930 0.1020 -9.1690 0.0000 0.0000 1.0000 1.0000
PT_0157 -3.1930 0.1020 -9.4970 0.0000 0.0000 1.0000 1.0000
PT_0158 -3.1930 0.1020 -9.8250 0.0000 0.0000 1.0000 1.0000
PT_0159 -3.1930 0.1020 -10.1540 0.0000 0.0000 1.0000 1.0000
PT_0160 -3.5170 0.1020 -0.3040 0.0000 0.0000 1.0000 1.0000
PT_0161 -3.5170 0.1020 -0.6330 0.0005 0.0000 0.9995 1.0000
PT_0162 -3.5170 0.1020 -0.9610 0.1142 0.0000 0.8858 1.0000
PT_0163 -3.5170 0.1020 -1.2890 0.1556 0.0000 0.8444 1.0000
PT_0164 -3.5170 0.1020 -1.6180 0.1178 0.0000 0.8822 1.0000
PT_0165 -3.5170 0.1020 -1.9460 0.0773 0.0000 0.9227 1.0000
PT_0166 -3.5170 0.1020 -2.2740 0.2268 0.0000 0.7732 1.0000
PT_0167 -3.5170 0.1020 -2.6030 0.3028 0.0000 0.6972 1.0000
PT_0168 -3.5170 0.1020 -2.9310 0.2911 0.0000 0.7089 1.0000
PT_0169 -3.5170 0.1020 -3.2590 0.1943 0.0000 0.8057 1.0000
PT_0170 -3.5170 0.1020 -3.5880 0.0286 0.0000 0.9714 1.0000
PT_0171 -3.5170 0.1020 -3.9160 0.0000 0.0000 1.0000 1.0000
PT_0172 -3.5170 0.1020 -4.2440 0.0000 0.0000 1.0000 1.0000
PT_0173 -3.5170 0.1020 -4.5720 0.0000 0.0000 1.0000 1.0000
PT_0174 -3.5170 0.1020 -4.9010 0.0000 0.0000 1.0000 1.0000
PT_0175 -3.5170 0.1020 -5.2290 0.0000 0.0000 1.0000 1.0000
PT_0176 -3.5170 0.1020 -5.5570 0.0000 0.0000 1.0000 1.0000
PT_0177 -3.5170 0.1020 -5.8860 0.0000 0.0000 1.0000 1.0000
PT_0178 -3.5170 0.1020 -6.2140 0.0000 0.0000 1.0000 1.0000
PT_0179 -3.5170 0.1020 -6.5420 0.0000 0.0000 1.0000 1.0000
PT_0180 -3.5170 0.1020 -6.8710 0.0000 0.0000 1.0000 1.0000
PT_0181 -3.5170 0.1020 -7.1990 0.0000 0.0000 1.0000 1.0000
PT_0182 -3.5170 0.1020 -7.5270 0.0000 0.0000 1.0000 1.0000
PT_0183 -3.5170 0.1020 -7.8560 0.0000 0.0000 1.0000 1.0000
PT_0184 -3.5170 0.1020 -8.1840 0.0000 0.0000 1.0000 1.0000
PT_0185 -3.5170 0.1020 -8.5120 0.0000 0.0000 1.0000 1.0000
PT_0186 -3.5170 0.1020 -8.8410 0.0000 0.0000 1.0000 1.0000
PT_0187 -3.5170 0.1020 -9.1690 0.0000 0.0000 1.0000 1.0000
PT_0188 -3.5170 0.1020 -9.4970 0.0000 0.0000 1.0000 1.0000
PT_0189 -3.5170 0.1020 -9.8250 0.0000 0.0000 1.0000 1.0000
PT_0190 -3.5170 0.1020 -10.1540 0.0000 0.0000 1.0000 1.0000
PT_0191 -3.8400 0.1020 -0.3040 0.0000 0.0000 1.0000 1.0000
PT_0192 -3.8400 0.1020 -0.6330 0.0000 0.0000 1.0000 1.0000
PT_0193 -3.8400 0.1020 -0.9610 0.0000 0.0000 1.0000 1.0000
PT_0194 -3.8400 0.1020 -1.2890 0.0286 0.0000 0.9714 1.0000
PT_0195 -3.8400 0.1020 -1.6180 0.0000 0.0000 1.0000 1.0000
PT_0196 -3.8400 0.1020 -1.9460 0.0806 0.0000 0.9194 1.0000
PT_0197 -3.8400 0.1020 -2.2740 0.2304 0.0000 0.7696 1.0000
PT_0198 -3.8400 0.1020 -2.6030 0.3067 0.0000 0.6933 1.0000
PT_0199 -3.8400 0.1020 -2.9310 0.2950 0.0000 0.7050 1.0000
PT_0200 -3.8400 0.1020 -3.2590 0.1979 0.0000 0.8021 1.0000
PT_0201 -3.8400 0.1020 -3.5880 0.0317 0.0000 0.9683 1.0000
PT_0202 -3.8400 0.1020 -3.9160 0.0000 0.0000 1.0000 1.0000
PT_0203 -3.8400 0.1020 -4.2440 0.0000 0.0000 1.0000 1.0000
PT_0204 -3.8400 0.1020 -4.5720 0.0000 0.0000 1.0000 1.0000
PT_0205 -3.8400 0.1020 -4.9010 0.0000 0.0000 1.0000 1.0000
PT_0206 -3.8400 0.1020 -5.2290 0.0000 0.0000 1.0000 1.0000
PT_0207 -3.8400 0.1020 -5.5570 0.0000 0.0000 1.0000 1.0000
PT_0208 -3.8400 0.1020 -5.8860 0.0000 0.0000 1.0000 1.0000
PT_0209 -3.8400 0.1020 -6.2140 0.0000 0.0000 1.0000 1.0000
PT_0210 -3.8400 0.1020 -6.5420 0.0000 0.0000 1.0000 1.0000
PT_0211 -3.8400 0.1020 -6.8710 0.0000 0.0000 1.0000 1.0000
PT_0212 -3.8400 0.1020 -7.1990 0.0000 0.0000 1.0000 1.0000
PT_0213 -3.8400 0.1020 -7.5270 0.0000 0.0000 1.0000 1.0000
PT_0214 -3.8400 0.1020 -7.8560 0.0000 0.0000 1.0000 1.0000
PT_0215 -3.8400 0.1020 -8.1840 0.0000 0.0000 1.0000 1.0000
PT_0216 -3.8400 0.1020 -8.5120 0.0000 0.0000 1.0000 1.0000
PT_0217 -3.8400 0.1020 -8.8410 0.0000 0.0000 1.0000 1.0000
PT_0218 -3.8400 0.1020 -9.1690 0.0000 0.0000 1.0000 1.0000
PT_0219 -3.8400 0.1020 -9.4970 0.0000 0.0000 1.0000 1.0000
PT_0220 -3.8400 0.1020 -9.8250 0.0000 0.0000 1.0000 1.0000
PT_0221 -3.8400 0.1020 -10.1540 0.0000 0.0000 1.0000 1.0000
PT_0222 -4.1640 0.1020 -0.3040 0.0000 0.0000 1.0000 1.0000
PT_0223 -4.1640 0.1020 -0.6330 0.0000 0.0000 1.0000 1.0000
PT_0224 -4.1640 0.1020 -0.9610 0.0000 0.0000 1.0000 1.0000
PT_0225 -4.1640 0.1020 -1.2890 0.0000 0.0000 1.0000 1.0000
PT_0226 -4.1640 0.1020 -1.6180 0.0000 0.0000 1.0000 1.0000
PT_0227 -4.1640 0.1020 -1.9460 0.0118 0.0000 0.9882 1.0000
PT_0228 -4.1640 0.1020 -2.2740 0.1539 0.0000 0.8461 1.0000
PT_0229 -4.1640 0.1020 -2.6030 0.2256 0.0000 0.7744 1.0000
PT_0230 -4.1640 0.1020 -2.9310 0.2146 0.0000 0.7854 1.0000
PT_0231 -4.1640 0.1020 -3.2590 0.1231 0.0000 0.8769 1.0000
PT_0232 -4.1640 0.1020 -3.5880 0.0000 0.0000 1.0000 1.0000
PT_0233 -4.1640 0.1020 -3.9160 0.0000 0.0000 1.0000 1.0000
PT_0234 -4.1640 0.1020 -4.2440 0.0000 0.0000 1.0000 1.0000
PT_0235 -4.1640 0.1020 -4.5720 0.0000 0.0000 1.0000 1.0000
PT_0236 -4.1640 0.1020 -4.9010 0.0000 0.0000 1.0000 1.0000
PT_0237 -4.1640 0.1020 -5.2290 0.0000 0.0000 1.0000 1.0000
PT_0238 -4.1640 0.1020 -5.5570 0.0000 0.0000 1.0000 1.0000
PT_0239 -4.1640 0.1020 -5.8860 0.0000 0.0000 1.0000 1.0000
PT_0240 -4.1640 0.1020 -6.2140 0.0000 0.0000 1.0000 1.0000
PT_0241 -4.1640 0.1020 -6.5420 0.0000 0.0000 1.0000 1.0000
PT_0242 -4.1640 0.1020 -6.8710 0.0000 0.0000 1.0000 1.0000
PT_0243 -4.1640 0.1020 -7.1990 0.0000 0.0000 1.0000 1.0000
PT_0244 -4.1640 0.1020 -7.5270 0.0000 0.0000 1.0000 1.0000
PT_0245 -4.1640 0.1020 -7.8560 0.0000 0.0000 1.0000 1.0000
PT_0246 -4.1640 0.1020 -8.1840 0.0000 0.0000 1.0000 1.0000
PT_0247 -4.1640 0.1020 -8.5120 0.0000 0.0000 1.0000 1.0000
PT_0248 -4.1640 0.1020 -8.8410 0.0000 0.0000 1.0000 1.0000
PT_0249 -4.1640 0.1020 -9.1690 0.0000 0.0000 1.0000 1.0000
PT_0250 -4.1640 0.1020 -9.4970 0.0000 0.0000 1.0000 1.0000
PT_0251 -4.1640 0.1020 -9.8250 0.0000 0.0000 1.0000 1.0000
PT_0252 -4.1640 0.1020 -10.1540 0.0000 0.0000 1.0000 1.0000
PT_0253 -4.4870 0.1020 -0.3040 0.0000 0.0000 1.0000 1.0000
PT_0254 -4.4870 0.1020 -0.6330 0.0000 0.0000 1.0000 1.0000
PT_0255 -4.4870 0.1020 -0.9610 0.0000 0.0000 1.0000 1.0000
PT_0256 -4.4870 0.1020 -1.2890 0.0000 0.0000 1.0000 1.0000
PT_0257 -4.4870 0.1020 -1.6180 0.0000 0.0000 1.0000 1.0000
PT_0258 -4.4870 0.1020 -1.9460 0.0000 0.0000 1.0000 1.0000
PT_0259 -4.4870 0.1020 -2.2740 0.0098 0.0000 0.9902 1.0000
PT_0260 -4.4870 0.1020 -2.6030 0.0743 0.0000 0.9257 1.0000
PT_0261 -4.4870 0.1020 -2.9310 0.0644 0.0000 0.9356 1.0000
PT_0262 -4.4870 0.1020 -3.2590 0.0000 0.0000 1.0000 1.0000
PT_0263 -4.4870 0.1020 -3.5880 0.0000 0.0000 1.0000 1.0000
PT_0264 -4.4870 0.1020 -3.9160 0.0000 0.0000 1.0000 1.0000
PT_0265 -4.4870 0.1020 -4.2440 0.0000 0.0000 1.0000 1.0000
PT_0266 -4.4870 0.1020 -4.5720 0.0000 0.0000 1.0000 1.0000
PT_0267 -4.4870 0.1020 -4.9010 0.0000 0.0000 1.0000 1.0000
PT_0268 -4.4870 0.1020 -5.2290 0.0000 0.0000 1.0000 1.0000
PT_0269 -4.4870 0.1020 -5.5570 0.0000 0.0000 1.0000 1.0000
PT_0270 -4.4870 0.1020 -5.8860 0.0000 0.0000 1.0000 1.0000
PT_0271 -4.4870 0.1020 -6.2140 0.0000 0.0000 1.0000 1.0000
PT_0272 -4.4870 0.1020 -6.5420 0.0000 0.0000 1.0000 1.0000
PT_0273 -4.4870 0.1020 -6.8710 0.0000 0.0000 1.0000 1.0000
PT_0274 -4.4870 0.1020 -7.1990 0.0000 0.0000 1.0000 1.0000
PT_0275 -4.4870 0.1020 -7.5270 0.0000 0.0000 1.0000 1.0000
PT_0276 -4.4870 0.1020 -7.8560 0.0000 0.0000 1.0000 1.0000
PT_0277 -4.4870 0.1020 -8.1840 0.0000 0.0000 1.0000 1.0000
PT_0278 -4.4870 0.1020 -8.5120 0.0000 0.0000 1.0000 1.0000
PT_0279 -4.4870 0.1020 -8.8410 0.0000 0.0000 1.0000 1.0000
PT_0280 -4.4870 0.1020 -9.1690 0.0000 0.0000 1.0000 1.0000
PT_0281 -4.4870 0.1020 -9.4970 0.0000 0.0000 1.0000 1.0000
PT_0282 -4.4870 0.1020 -9.8250 0.0000 0.0000 1.0000 1.0000
PT_0283 -4.4870 0.1020 -10.1540 0.0000 0.0000 1.0000 1.0000
PT_0284 -4.8110 0.1020 -0.3040 0.0000 0.0000 1.0000 1.0000
PT_0285 -4.8110 0.1020 -0.6330 0.0000 0.0000 1.0000 1.0000
PT_0286 -4.8110 0.1020 -0.9610 0.0000 0.0000 1.0000 1.0000
PT_0287 -4.8110 0.1020 -1.2890 0.0000 0.0000 1.0000 1.0000
PT_0288 -4.8110 0.1020 -1.6180 0.0000 0.0000 1.0000 1.0000
PT_0289 -4.8110 0.1020 -1.9460 0.0000 0.0000 1.0000 1.0000
PT_0290 -4.8110 0.1020 -2.2740 0.0000 0.0000 1.0000 1.0000
PT_0291 -4.8110 0.1020 -2.6030 0.0000 0.0000 1.0000 1.0000
PT_0292 -4.8110 0.1020 -2.9310 0.0000 0.0000 1.0000 1.0000
PT_0293 -4.8110 0.1020 -3.2590 0.0000 0.0000 1.0000 1.0000
PT_0294 -4.8110 0.1020 -3.5880 0.0000 0.0000 1.0000 1.0000
PT_0295 -4.8110 0.1020 -3.9160 0.0000 0.0000 1.0000 1.0000
PT_0296 -4.8110 0.1020 -4.2440 0.0000 0.0000 1.0000 1.0000
PT_0297 -4.8110 0.1020 -4.5720 0.0000 0.0000 1.0000 1.0000
PT_0298 -4.8110 0.1020 -4.9010 0.0000 0.0000 1.0000 1.0000
PT_0299 -4.8110 0.1020 -5.2290 0.0000 0.0000 1.0000 1.0000
PT_0300 -4.8110 0.1020 -5.5570 0.0000 0.0000 1.0000 1.0000
PT_0301 -4.8110 0.1020 -5.8860 0.0000 0.0000 1.0000 1.0000
PT_0302 -4.8110 0.1020 -6.2140 0.0000 0.0000 1.0000 1.0000
PT_0303 -4.8110 0.1020 -6.5420 0.0000 0.0000 1.0000 1.0000
PT_0304 -4.8110 0.1020 -6.8710 0.0000 0.0000 1.0000 1.0000
PT_0305 -4.8110 0.1020 -7.1990 0.0000 0.0000 1.0000 1.0000
PT_0306 -4.8110 0.1020 -7.5270 0.0000 0.0000 1.0000 1.0000
PT_0307 -4.8110 0.1020 -7.8560 0.0000 0.0000 1.0000 1.0000
PT_0308 -4.8110 0.1020 -8.1840 0.0000 0.0000 1.0000 1.0000
PT_0309 -4.8110 0.1020 -8.5120 0.0000 0.0000 1.0000 1.0000
PT_0310 -4.8110 0.1020 -8.8410 0.0000 0.0000 1.0000 1.0000
PT_0311 -4.8110 0.1020 -9.1690 0.0000 0.0000 1.0000 1.0000
PT_0312 -4.8110 0.1020 -9.4970 0.0000 0.0000 1.0000 1.0000
PT_0313 -4.8110 0.1020 -9.8250 0.0000 0.0000 1.0000 1.0000
PT_0314 -4.8110 0.1020 -10.1540 0.0000 0.0000 1.0000 1.0000
PT_0315 -0.9290 0.2580 -0.1400 0.0000 0.0000 1.0000 1.0000
PT_0316 -0.9290 0.5700 -0.1400 0.0000 0.0000 1.0000 1.0000
PT_0317 -0.9290 0.8830 -0.1400 0.0000 0.0000 1.0000 1.0000
PT_0318 -0.9290 1.1950 -0.1400 0.0000 0.0000 1.0000 1.0000
PT_0319 -0.9290 1.5080 -0.1400 0.0000 0.0000 1.0000 1.0000
PT_0320 -0.9290 1.8200 -0.1400 0.0000 0.0000 1.0000 1.0000
PT_0321 -0.9290 2.1330 -0.1400 0.0000 0.0000 1.0000 1.0000
PT_0322 -0.9290 2.4460 -0.1400 0.0000 0.0000 1.0000 1.0000
PT_0323 -0.9290 2.7580 -0.1400 0.0000 0.0000 1.0000 1.0000
PT_0324 -1.2520 0.2580 -0.1400 0.0000 0.0000 1.0000 1.0000
PT_0325 -1.2520 0.5700 -0.1400 0.0000 0.0000 1.0000 1.0000
PT_0326 -1.2520 0.8830 -0.1400 0.0000 0.0000 1.0000 1.0000
PT_0327 -1.2520 1.1950 -0.1400 0.0000 0.0000 1.0000 1.0000
PT_0328 -1.2520 1.5080 -0.1400 0.0000 0.0000 1.0000 1.0000
PT_0329 -1.2520 1.8200 -0.1400 0.0000 0.0000 1.0000 1.0000
PT_0330 -1.2520 2.1330 -0.1400 0.0000 0.0000 1.0000 1.0000
PT_0331 -1.2520 2.4460 -0.1400 0.0000 0.0000 1.0000 1.0000
PT_0332 -1.2520 2.7580 -0.1400 0.0000 0.0000 1.0000 1.0000
PT_0333 -1.5760 0.2580 -0.1400 0.0000 0.0000 1.0000 1.0000
PT_0334 -1.5760 0.5700 -0.1400 0.0000 0.0000 1.0000 1.0000
PT_0335 -1.5760 0.8830 -0.1400 0.0000 0.0000 1.0000 1.0000
PT_0336 -1.5760 1.1950 -0.1400 0.0000 0.0000 1.0000 1.0000
PT_0337 -1.5760 1.5080 -0.1400 0.0000 0.0000 1.0000 1.0000
PT_0338 -1.5760 1.8200 -0.1400 0.0000 0.0000 1.0000 1.0000
PT_0339 -1.5760 2.1330 -0.1400 0.0000 0.0000 1.0000 1.0000
PT_0340 -1.5760 2.4460 -0.1400 0.0000 0.0000 1.0000 1.0000
PT_0341 -1.5760 2.7580 -0.1400 0.0000 0.0000 1.0000 1.0000
PT_0342 -1.8990 0.2580 -0.1400 0.0000 0.0000 1.0000 1.0000
PT_0343 -1.8990 0.5700 -0.1400 0.0000 0.0000 1.0000 1.0000
PT_0344 -1.8990 0.8830 -0.1400 0.0000 0.0000 1.0000 1.0000
PT_0345 -1.8990 1.1950 -0.1400 0.0000 0.0000 1.0000 1.0000
PT_0346 -1.8990 1.5080 -0.1400 0.0000 0.0000 1.0000 1.0000
PT_0347 -1.8990 1.8200 -0.1400 0.0000 0.0000 1.0000 1.0000
PT_0348 -1.8990 2.1330 -0.1400 0.0000 0.0000 1.0000 1.0000
PT_0349 -1.8990 2.4460 -0.1400 0.0000 0.0000 1.0000 1.0000
PT_0350 -1.8990 2.7580 -0.1400 0.0000 0.0000 1.0000 1.0000
PT_0351 -2.2230 0.2580 -0.1400 0.0000 0.0000 1.0000 1.0000
PT_0352 -2.2230 0.5700 -0.1400 0.0000 0.0000 1.0000 1.0000
PT_0353 -2.2230 0.8830 -0.1400 0.0000 0.0000 1.0000 1.0000
PT_0354 -2.2230 1.1950 -0.1400 0.0203 0.0000 0.9797 1.0000
PT_0355 -2.2230 1.5080 -0.1400 0.0280 0.0000 0.9720 1.0000
PT_0356 -2.2230 1.8200 -0.1400 0.0000 0.0000 1.0000 1.0000
PT_0357 -2.2230 2.1330 -0.1400 0.0000 0.0000 1.0000 1.0000
PT_0358 -2.2230 2.4460 -0.1400 0.0000 0.0000 1.0000 1.0000
PT_0359 -2.2230 2.7580 -0.1400 0.0000 0.0000 1.0000 1.0000
PT_0360 -2.5460 0.2580 -0.1400 0.0000 0.0000 1.0000 1.0000
PT_0361 -2.5460 0.5700 -0.1400 0.0000 0.0000 1.0000 1.0000
PT_0362 -2.5460 0.8830 -0.1400 0.1111 0.0000 0.8889 1.0000
PT_0363 -2.5460 1.1950 -0.1400 0.1919 0.0000 0.8081 1.0000
PT_0364 -2.5460 1.5080 -0.1400 0.2007 0.0000 0.7993 1.0000
PT_0365 -2.5460 1.8200 -0.1400 0.1360 0.0000 0.8640 1.0000
PT_0366 -2.5460 2.1330 -0.1400 0.0070 0.0000 0.9930 1.0000
PT_0367 -2.5460 2.4460 -0.1400 0.0000 0.0000 1.0000 1.0000
PT_0368 -2.5460 2.7580 -0.1400 0.0000 0.0000 1.0000 1.0000
PT_0369 -2.8700 0.2580 -0.1400 0.0000 0.0000 1.0000 1.0000
PT_0370 -2.8700 0.5700 -0.1400 0.0603 0.0000 0.9397 1.0000
PT_0371 -2.8700 0.8830 -0.1400 0.2121 0.0000 0.7879 1.0000
PT_0372 -2.8700 1.1950 -0.1400 0.2996 0.0000 0.7004 1.0000
PT_0373 -2.8700 1.5080 -0.1400 0.3092 0.0000 0.6908 1.0000
PT_0374 -2.8700 1.8200 -0.1400 0.2389 0.0000 0.7611 1.0000
PT_0375 -2.8700 2.1330 -0.1400 0.1005 0.0000 0.8995 1.0000
PT_0376 -2.8700 2.4460 -0.1400 0.0000 0.0000 1.0000 1.0000
PT_0377 -2.8700 2.7580 -0.1400 0.0000 0.0000 1.0000 1.0000
PT_0378 -3.1930 0.2580 -0.1400 0.0000 0.0000 1.0000 1.0000
PT_0379 -3.1930 0.5700 -0.1400 0.0814 0.0000 0.9186 1.0000
PT_0380 -3.1930 0.8830 -0.1400 0.2358 0.0000 0.7642 1.0000
PT_0381 -3.1930 1.1950 -0.1400 0.3250 0.0000 0.6750 1.0000
PT_0382 -3.1930 1.5080 -0.1400 0.3348 0.0000 0.6652 1.0000
PT_0383 -3.1930 1.8200 -0.1400 0.2631 0.0000 0.7369 1.0000
PT_0384 -3.1930 2.1330 -0.1400 0.1222 0.0000 0.8778 1.0000
PT_0385 -3.1930 2.4460 -0.1400 0.0000 0.0000 1.0000 1.0000
PT_0386 -3.1930 2.7580 -0.1400 0.0000 0.0000 1.0000 1.0000
PT_0387 -3.5170 0.2580 -0.1400 0.0000 0.0000 1.0000 1.0000
PT_0388 -3.5170 0.5700 -0.1400 0.0298 0.0000 0.9702 1.0000
PT_0389 -3.5170 0.8830 -0.1400 0.1781 0.0000 0.8219 1.0000
PT_0390 -3.5170 1.1950 -0.1400 0.2632 0.0000 0.7368 1.0000
PT_0391 -3.5170 1.5080 -0.1400 0.2725 0.0000 0.7275 1.0000
PT_0392 -3.5170 1.8200 -0.1400 0.2043 0.0000 0.7957 1.0000
PT_0393 -3.5170 2.1330 -0.1400 0.0691 0.0000 0.9309 1.0000
PT_0394 -3.5170 2.4460 -0.1400 0.0000 0.0000 1.0000 1.0000
PT_0395 -3.5170 2.7580 -0.1400 0.0000 0.0000 1.0000 1.0000
PT_0396 -3.8400 0.2580 -0.1400 0.0000 0.0000 1.0000 1.0000
PT_0397 -3.8400 0.5700 -0.1400 0.0000 0.0000 1.0000 1.0000
PT_0398 -3.8400 0.8830 -0.1400 0.0492 0.0000 0.9508 1.0000
PT_0399 -3.8400 1.1950 -0.1400 0.1263 0.0000 0.8737 1.0000
PT_0400 -3.8400 1.5080 -0.1400 0.1346 0.0000 0.8654 1.0000
PT_0401 -3.8400 1.8200 -0.1400 0.0729 0.0000 0.9271 1.0000
PT_0402 -3.8400 2.1330 -0.1400 0.0000 0.0000 1.0000 1.0000
PT_0403 -3.8400 2.4460 -0.1400 0.0000 0.0000 1.0000 1.0000
PT_0404 -3.8400 2.7580 -0.1400 0.0000 0.0000 1.0000 1.0000
PT_0405 -4.1640 0.2580 -0.1400 0.0000 0.0000 1.0000 1.0000
PT_0406 -4.1640 0.5700 -0.1400 0.0000 0.0000 1.0000 1.0000
PT_0407 -4.1640 0.8830 -0.1400 0.0000 0.0000 1.0000 1.0000
PT_0408 -4.1640 1.1950 -0.1400 0.0000 0.0000 1.0000 1.0000
PT_0409 -4.1640 1.5080 -0.1400 0.0000 0.0000 1.0000 1.0000
PT_0410 -4.1640 1.8200 -0.1400 0.0000 0.0000 1.0000 1.0000
PT_0411 -4.1640 2.1330 -0.1400 0.0000 0.0000 1.0000 1.0000
PT_0412 -4.1640 2.4460 -0.1400 0.0000 0.0000 1.0000 1.0000
PT_0413 -4.1640 2.7580 -0.1400 0.0000 0.0000 1.0000 1.0000
PT_0414 -4.4870 0.2580 -0.1400 0.0000 0.0000 1.0000 1.0000
PT_0415 -4.4870 0.5700 -0.1400 0.0000 0.0000 1.0000 1.0000
PT_0416 -4.4870 0.8830 -0.1400 0.0000 0.0000 1.0000 1.0000
PT_0417 -4.4870 1.1950 -0.1400 0.0000 0.0000 1.0000 1.0000
PT_0418 -4.4870 1.5080 -0.1400 0.0000 0.0000 1.0000 1.0000
PT_0419 -4.4870 1.8200 -0.1400 0.0000 0.0000 1.0000 1.0000
PT_0420 -4.4870 2.1330 -0.1400 0.0000 0.0000 1.0000 1.0000
PT_0421 -4.4870 2.4460 -0.1400 0.0000 0.0000 1.0000 1.0000
PT_0422 -4.4870 2.7580 -0.1400 0.0000 0.0000 1.0000 1.0000
PT_0423 -4.8110 0.2580 -0.1400 0.0000 0.0000 1.0000 1.0000
PT_0424 -4.8110 0.5700 -0.1400 0.0000 0.0000 1.0000 1.0000
PT_0425 -4.8110 0.8830 -0.1400 0.0000 0.0000 1.0000 1.0000
PT_0426 -4.8110 1.1950 -0.1400 0.0000 0.0000 1.0000 1.0000
PT_0427 -4.8110 1.5080 -0.1400 0.0000 0.0000 1.0000 1.0000
PT_0428 -4.8110 1.8200 -0.1400 0.0000 0.0000 1.0000 1.0000
PT_0429 -4.8110 2.1330 -0.1400 0.0000 0.0000 1.0000 1.0000
PT_0430 -4.8110 2.4460 -0.1400 0.0000 0.0000 1.0000 1.0000
PT_0431 -4.8110 2.7580 -0.1400 0.0000 0.0000 1.0000 1.0000
PT_0432 -4.9720 0.2580 -0.3040 0.0000 0.0000 1.0000 1.0000
PT_0433 -4.9720 0.5700 -0.3040 0.0000 0.0000 1.0000 1.0000
PT_0434 -4.9720 0.8830 -0.3040 0.0000 0.0000 1.0000 1.0000
PT_0435 -4.9720 1.1950 -0.3040 0.0000 0.0000 1.0000 1.0000
PT_0436 -4.9720 1.5080 -0.3040 0.0000 0.0000 1.0000 1.0000
PT_0437 -4.9720 1.8200 -0.3040 0.0000 0.0000 1.0000 1.0000
PT_0438 -4.9720 2.1330 -0.3040 0.0000 0.0000 1.0000 1.0000
PT_0439 -4.9720 2.4460 -0.3040 0.0000 0.0000 1.0000 1.0000
PT_0440 -4.9720 2.7580 -0.3040 0.0000 0.0000 1.0000 1.0000
PT_0441 -4.9720 0.2580 -0.6330 0.0000 0.0000 1.0000 1.0000
PT_0442 -4.9720 0.5700 -0.6330 0.0000 0.0000 1.0000 1.0000
PT_0443 -4.9720 0.8830 -0.6330 0.0000 0.0000 1.0000 1.0000
PT_0444 -4.9720 1.1950 -0.6330 0.0000 0.0000 1.0000 1.0000
PT_0445 -4.9720 1.5080 -0.6330 0.0000 0.0000 1.0000 1.0000
PT_0446 -4.9720 1.8200 -0.6330 0.0000 0.0000 1.0000 1.0000
PT_0447 -4.9720 2.1330 -0.6330 0.0000 0.0000 1.0000 1.0000
PT_0448 -4.9720 2.4460 -0.6330 0.0000 0.0000 1.0000 1.0000
PT_0449 -4.9720 2.7580 -0.6330 0.0000 0.0000 1.0000 1.0000
PT_0450 -4.9720 0.2580 -0.9610 0.0000 0.0000 1.0000 1.0000
PT_0451 -4.9720 0.5700 -0.9610 0.0000 0.0000 1.0000 1.0000
PT_0452 -4.9720 0.8830 -0.9610 0.0000 0.0000 1.0000 1.0000
PT_0453 -4.9720 1.1950 -0.9610 0.0000 0.0000 1.0000 1.0000
PT_0454 -4.9720 1.5080 -0.9610 0.0000 0.0000 1.0000 1.0000
PT_0455 -4.9720 1.8200 -0.9610 0.0000 0.0000 1.0000 1.0000
PT_0456 -4.9720 2.1330 -0.9610 0.0000 0.0000 1.0000 1.0000
PT_0457 -4.9720 2.4460 -0.9610 0.0000 0.0000 1.0000 1.0000
PT_0458 -4.9720 2.7580 -0.9610 0.0000 0.0000 1.0000 1.0000
PT_0459 -4.9720 0.2580 -1.2890 0.0000 0.0000 1.0000 1.0000
PT_0460 -4.9720 0.5700 -1.2890 0.0000 0.0000 1.0000 1.0000
PT_0461 -4.9720 0.8830 -1.2890 0.0000 0.0000 1.0000 1.0000
PT_0462 -4.9720 1.1950 -1.2890 0.0000 0.0000 1.0000 1.0000
PT_0463 -4.9720 1.5080 -1.2890 0.0000 0.0000 1.0000 1.0000
PT_0464 -4.9720 1.8200 -1.2890 0.0000 0.0000 1.0000 1.0000
PT_0465 -4.9720 2.1330 -1.2890 0.0000 0.0000 1.0000 1.0000
PT_0466 -4.9720 2.4460 -1.2890 0.0000 0.0000 1.0000 1.0000
PT_0467 -4.9720 2.7580 -1.2890 0.0000 0.0000 1.0000 1.0000
PT_0468 -4.9720 0.2580 -1.6180 0.0000 0.0000 1.0000 1.0000
PT_0469 -4.9720 0.5700 -1.6180 0.0000 0.0000 1.0000 1.0000
PT_0470 -4.9720 0.8830 -1.6180 0.0000 0.0000 1.0000 1.0000
PT_0471 -4.9720 1.1950 -1.6180 0.0000 0.0000 1.0000 1.0000
PT_0472 -4.9720 1.5080 -1.6180 0.0000 0.0000 1.0000 1.0000
PT_0473 -4.9720 1.8200 -1.6180 0.0000 0.0000 1.0000 1.0000
PT_0474 -4.9720 2.1330 -1.6180 0.0000 0.0000 1.0000 1.0000
PT_0475 -4.9720 2.4460 -1.6180 0.0000 0.0000 1.0000 1.0000
PT_0476 -4.9720 2.7580 -1.6180 0.0000 0.0000 1.0000 1.0000
PT_0477 -4.9720 0.2580 -1.9460 0.0000 0.0000 1.0000 1.0000
PT_0478 -4.9720 0.5700 -1.9460 0.0000 0.0000 1.0000 1.0000
PT_0479 -4.9720 0.8830 -1.9460 0.0000 0.0000 1.0000 1.0000
PT_0480 -4.9720 1.1950 -1.9460 0.0006 0.0000 0.9994 1.0000
PT_0481 -4.9720 1.5080 -1.9460 0.0000 0.0000 1.0000 1.0000
PT_0482 -4.9720 1.8200 -1.9460 0.0000 0.0000 1.0000 1.0000
PT_0483 -4.9720 2.1330 -1.9460 0.0000 0.0000 1.0000 1.0000
PT_0484 -4.9720 2.4460 -1.9460 0.0000 0.0000 1.0000 1.0000
PT_0485 -4.9720 2.7580 -1.9460 0.0000 0.0000 1.0000 1.0000
PT_0486 -4.9720 0.2580 -2.2740 0.0000 0.0000 1.0000 1.0000
PT_0487 -4.9720 0.5700 -2.2740 0.0000 0.0000 1.0000 1.0000
PT_0488 -4.9720 0.8830 -2.2740 0.0872 0.0000 0.9128 1.0000
PT_0489 -4.9720 1.1950 -2.2740 0.1415 0.0000 0.8585 1.0000
PT_0490 -4.9720 1.5080 -2.2740 0.1251 0.0000 0.8749 1.0000
PT_0491 -4.9720 1.8200 -2.2740 0.0406 0.0000 0.9594 1.0000
PT_0492 -4.9720 2.1330 -2.2740 0.0000 0.0000 1.0000 1.0000
PT_0493 -4.9720 2.4460 -2.2740 0.0000 0.0000 1.0000 1.0000
PT_0494 -4.9720 2.7580 -2.2740 0.0000 0.0000 1.0000 1.0000
PT_0495 -4.9720 0.2580 -2.6030 0.0000 0.0000 1.0000 1.0000
PT_0496 -4.9720 0.5700 -2.6030 0.0322 0.0000 0.9678 1.0000
PT_0497 -4.9720 0.8830 -2.6030 0.1553 0.0000 0.8447 1.0000
PT_0498 -4.9720 1.1950 -2.6030 0.2125 0.0000 0.7875 1.0000
PT_0499 -4.9720 1.5080 -2.6030 0.1952 0.0000 0.8048 1.0000
PT_0500 -4.9720 1.8200 -2.6030 0.1064 0.0000 0.8936 1.0000
PT_0501 -4.9720 2.1330 -2.6030 0.0000 0.0000 1.0000 1.0000
PT_0502 -4.9720 2.4460 -2.6030 0.0000 0.0000 1.0000 1.0000
PT_0503 -4.9720 2.7580 -2.6030 0.0000 0.0000 1.0000 1.0000
PT_0504 -4.9720 0.2580 -2.9310 0.0000 0.0000 1.0000 1.0000
PT_0505 -4.9720 0.5700 -2.9310 0.0226 0.0000 0.9774 1.0000
PT_0506 -4.9720 0.8830 -2.9310 0.1449 0.0000 0.8551 1.0000
PT_0507 -4.9720 1.1950 -2.9310 0.2016 0.0000 0.7984 1.0000
PT_0508 -4.9720 1.5080 -2.9310 0.1844 0.0000 0.8156 1.0000
PT_0509 -4.9720 1.8200 -2.9310 0.0963 0.0000 0.9037 1.0000
PT_0510 -4.9720 2.1330 -2.9310 0.0000 0.0000 1.0000 1.0000
PT_0511 -4.9720 2.4460 -2.9310 0.0000 0.0000 1.0000 1.0000
PT_0512 -4.9720 2.7580 -2.9310 0.0000 0.0000 1.0000 1.0000
PT_0513 -4.9720 0.2580 -3.2590 0.0000 0.0000 1.0000 1.0000
PT_0514 -4.9720 0.5700 -3.2590 0.0000 0.0000 1.0000 1.0000
PT_0515 -4.9720 0.8830 -3.2590 0.0579 0.0000 0.9421 1.0000
PT_0516 -4.9720 1.1950 -3.2590 0.1110 0.0000 0.8890 1.0000
PT_0517 -4.9720 1.5080 -3.2590 0.0950 0.0000 0.9050 1.0000
PT_0518 -4.9720 1.8200 -3.2590 0.0122 0.0000 0.9878 1.0000
PT_0519 -4.9720 2.1330 -3.2590 0.0000 0.0000 1.0000 1.0000
PT_0520 -4.9720 2.4460 -3.2590 0.0000 0.0000 1.0000 1.0000
PT_0521 -4.9720 2.7580 -3.2590 0.0000 0.0000 1.0000 1.0000
PT_0522 -4.9720 0.2580 -3.5880 0.0000 0.0000 1.0000 1.0000
PT_0523 -4.9720 0.5700 -3.5880 0.0000 0.0000 1.0000 1.0000
PT_0524 -4.9720 0.8830 -3.5880 0.0000 0.0000 1.0000 1.0000
PT_0525 -4.9720 1.1950 -3.5880 0.0000 0.0000 1.0000 1.0000
PT_0526 -4.9720 1.5080 -3.5880 0.0000 0.0000 1.0000 1.0000
PT_0527 -4.9720 1.8200 -3.5880 0.0000 0.0000 1.0000 1.0000
PT_0528 -4.9720 2.1330 -3.5880 0.0000 0.0000 1.0000 1.0000
PT_0529 -4.9720 2.4460 -3.5880 0.0000 0.0000 1.0000 1.0000
PT_0530 -4.9720 2.7580 -3.5880 0.0000 0.0000 1.0000 1.0000
PT_0531 -4.9720 0.2580 -3.9160 0.0000 0.0000 1.0000 1.0000
PT_0532 -4.9720 0.5700 -3.9160 0.0000 0.0000 1.0000 1.0000
PT_0533 -4.9720 0.8830 -3.9160 0.0000 0.0000 1.0000 1.0000
PT_0534 -4.9720 1.1950 -3.9160 0.0000 0.0000 1.0000 1.0000
PT_0535 -4.9720 1.5080 -3.9160 0.0000 0.0000 1.0000 1.0000
PT_0536 -4.9720 1.8200 -3.9160 0.0000 0.0000 1.0000 1.0000
PT_0537 -4.9720 2.1330 -3.9160 0.0000 0.0000 1.0000 1.0000
PT_0538 -4.9720 2.4460 -3.9160 0.0000 0.0000 1.0000 1.0000
PT_0539 -4.9720 2.7580 -3.9160 0.0000 0.0000 1.0000 1.0000
PT_0540 -4.9720 0.2580 -4.2440 0.0000 0.0000 1.0000 1.0000
PT_0541 -4.9720 0.5700 -4.2440 0.0000 0.0000 1.0000 1.0000
PT_0542 -4.9720 0.8830 -4.2440 0.0000 0.0000 1.0000 1.0000
PT_0543 -4.9720 1.1950 -4.2440 0.0000 0.0000 1.0000 1.0000
PT_0544 -4.9720 1.5080 -4.2440 0.0000 0.0000 1.0000 1.0000
PT_0545 -4.9720 1.8200 -4.2440 0.0000 0.0000 1.0000 1.0000
PT_0546 -4.9720 2.1330 -4.2440 0.0000 0.0000 1.0000 1.0000
PT_0547 -4.9720 2.4460 -4.2440 0.0000 0.0000 1.0000 1.0000
PT_0548 -4.9720 2.7580 -4.2440 0.0000 0.0000 1.0000 1.0000
PT_0549 -4.9720 0.2580 -4.5720 0.0000 0.0000 1.0000 1.0000
PT_0550 -4.9720 0.5700 -4.5720 0.0000 0.0000 1.0000 1.0000
PT_0551 -4.9720 0.8830 -4.5720 0.0000 0.0000 1.0000 1.0000
PT_0552 -4.9720 1.1950 -4.5720 0.0000 0.0000 1.0000 1.0000
PT_0553 -4.9720 1.5080 -4.5720 0.0000 0.0000 1.0000 1.0000
PT_0554 -4.9720 1.8200 -4.5720 0.0000 0.0000 1.0000 1.0000
PT_0555 -4.9720 2.1330 -4.5720 0.0000 0.0000 1.0000 1.0000
PT_0556 -4.9720 2.4460 -4.5720 0.0000 0.0000 1.0000 1.0000
PT_0557 -4.9720 2.7580 -4.5720 0.0000 0.0000 1.0000 1.0000
PT_0558 -4.9720 0.2580 -4.9010 0.0000 0.0000 1.0000 1.0000
PT_0559 -4.9720 0.5700 -4.9010 0.0000 0.0000 1.0000 1.0000
PT_0560 -4.9720 0.8830 -4.9010 0.0000 0.0000 1.0000 1.0000
PT_0561 -4.9720 1.1950 -4.9010 0.0000 0.0000 1.0000 1.0000
PT_0562 -4.9720 1.5080 -4.9010 0.0000 0.0000 1.0000 1.0000
PT_0563 -4.9720 1.8200 -4.9010 0.0000 0.0000 1.0000 1.0000
PT_0564 -4.9720 2.1330 -4.9010 0.0000 0.0000 1.0000 1.0000
PT_0565 -4.9720 2.4460 -4.9010 0.0000 0.0000 1.0000 1.0000
PT_0566 -4.9720 2.7580 -4.9010 0.0000 0.0000 1.0000 1.0000
PT_0567 -4.9720 0.2580 -5.2290 0.0000 0.0000 1.0000 1.0000
PT_0568 -4.9720 0.5700 -5.2290 0.0000 0.0000 1.0000 1.0000
PT_0569 -4.9720 0.8830 -5.2290 0.0000 0.0000 1.0000 1.0000
PT_0570 -4.9720 1.1950 -5.2290 0.0000 0.0000 1.0000 1.0000
PT_0571 -4.9720 1.5080 -5.2290 0.0000 0.0000 1.0000 1.0000
PT_0572 -4.9720 1.8200 -5.2290 0.0000 0.0000 1.0000 1.0000
PT_0573 -4.9720 2.1330 -5.2290 0.0000 0.0000 1.0000 1.0000
PT_0574 -4.9720 2.4460 -5.2290 0.0000 0.0000 1.0000 1.0000
PT_0575 -4.9720 2.7580 -5.2290 0.0000 0.0000 1.0000 1.0000
PT_0576 -4.9720 0.2580 -5.5570 0.0000 0.0000 1.0000 1.0000
PT_0577 -4.9720 0.5700 -5.5570 0.0000 0.0000 1.0000 1.0000
PT_0578 -4.9720 0.8830 -5.5570 0.0000 0.0000 1.0000 1.0000
PT_0579 -4.9720 1.1950 -5.5570 0.0000 0.0000 1.0000 1.0000
PT_0580 -4.9720 1.5080 -5.5570 0.0000 0.0000 1.0000 1.0000
PT_0581 -4.9720 1.8200 -5.5570 0.0000 0.0000 1.0000 1.0000
PT_0582 -4.9720 2.1330 -5.5570 0.0000 0.0000 1.0000 1.0000
PT_0583 -4.9720 2.4460 -5.5570 0.0000 0.0000 1.0000 1.0000
PT_0584 -4.9720 2.7580 -5.5570 0.0000 0.0000 1.0000 1.0000
PT_0585 -4.9720 0.2580 -5.8860 0.0000 0.0000 1.0000 1.0000
PT_0586 -4.9720 0.5700 -5.8860 0.0000 0.0000 1.0000 1.0000
PT_0587 -4.9720 0.8830 -5.8860 0.0000 0.0000 1.0000 1.0000
PT_0588 -4.9720 1.1950 -5.8860 0.0000 0.0000 1.0000 1.0000
PT_0589 -4.9720 1.5080 -5.8860 0.0000 0.0000 1.0000 1.0000
PT_0590 -4.9720 1.8200 -5.8860 0.0000 0.0000 1.0000 1.0000
PT_0591 -4.9720 2.1330 -5.8860 0.0000 0.0000 1.0000 1.0000
PT_0592 -4.9720 2.4460 -5.8860 0.0000 0.0000 1.0000 1.0000
PT_0593 -4.9720 2.7580 -5.8860 0.0000 0.0000 1.0000 1.0000
PT_0594 -4.9720 0.2580 -6.2140 0.0000 0.0000 1.0000 1.0000
PT_0595 -4.9720 0.5700 -6.2140 0.0000 0.0000 1.0000 1.0000
PT_0596 -4.9720 0.8830 -6.2140 0.0000 0.0000 1.0000 1.0000
PT_0597 -4.9720 1.1950 -6.2140 0.0000 0.0000 1.0000 1.0000
PT_0598 -4.9720 1.5080 -6.2140 0.0000 0.0000 1.0000 1.0000
PT_0599 -4.9720 1.8200 -6.2140 0.0000 0.0000 1.0000 1.0000
PT_0600 -4.9720 2.1330 -6.2140 0.0000 0.0000 1.0000 1.0000
PT_0601 -4.9720 2.4460 -6.2140 0.0000 0.0000 1.0000 1.0000
PT_0602 -4.9720 2.7580 -6.2140 0.0000 0.0000 1.0000 1.0000
PT_0603 -4.9720 0.2580 -6.5420 0.0000 0.0000 1.0000 1.0000
PT_0604 -4.9720 0.5700 -6.5420 0.0000 0.0000 1.0000 1.0000
PT_0605 -4.9720 0.8830 -6.5420 0.0000 0.0000 1.0000 1.0000
PT_0606 -4.9720 1.1950 -6.5420 0.0000 0.0000 1.0000 1.0000
PT_0607 -4.9720 1.5080 -6.5420 0.0000 0.0000 1.0000 1.0000
PT_0608 -4.9720 1.8200 -6.5420 0.0000 0.0000 1.0000 1.0000
PT_0609 -4.9720 2.1330 -6.5420 0.0000 0.0000 1.0000 1.0000
PT_0610 -4.9720 2.4460 -6.5420 0.0000 0.0000 1.0000 1.0000
PT_0611 -4.9720 2.7580 -6.5420 0.0000 0.0000 1.0000 1.0000
PT_0612 -4.9720 0.2580 -6.8710 0.0000 0.0000 1.0000 1.0000
PT_0613 -4.9720 0.5700 -6.8710 0.0000 0.0000 1.0000 1.0000
PT_0614 -4.9720 0.8830 -6.8710 0.0000 0.0000 1.0000 1.0000
PT_0615 -4.9720 1.1950 -6.8710 0.0000 0.0000 1.0000 1.0000
PT_0616 -4.9720 1.5080 -6.8710 0.0000 0.0000 1.0000 1.0000
PT_0617 -4.9720 1.8200 -6.8710 0.0000 0.0000 1.0000 1.0000
PT_0618 -4.9720 2.1330 -6.8710 0.0000 0.0000 1.0000 1.0000
PT_0619 -4.9720 2.4460 -6.8710 0.0000 0.0000 1.0000 1.0000
PT_0620 -4.9720 2.7580 -6.8710 0.0000 0.0000 1.0000 1.0000
PT_0621 -4.9720 0.2580 -7.1990 0.0000 0.0000 1.0000 1.0000
PT_0622 -4.9720 0.5700 -7.1990 0.0000 0.0000 1.0000 1.0000
PT_0623 -4.9720 0.8830 -7.1990 0.0000 0.0000 1.0000 1.0000
PT_0624 -4.9720 1.1950 -7.1990 0.0000 0.0000 1.0000 1.0000
PT_0625 -4.9720 1.5080 -7.1990 0.0000 0.0000 1.0000 1.0000
PT_0626 -4.9720 1.8200 -7.1990 0.0000 0.0000 1.0000 1.0000
PT_0627 -4.9720 2.1330 -7.1990 0.0000 0.0000 1.0000 1.0000
PT_0628 -4.9720 2.4460 -7.1990 0.0000 0.0000 1.0000 1.0000
PT_0629 -4.9720 2.7580 -7.1990 0.0000 0.0000 1.0000 1.0000
PT_0630 -4.9720 0.2580 -7.5270 0.0000 0.0000 1.0000 1.0000
PT_0631 -4.9720 0.5700 -7.5270 0.0000 0.0000 1.0000 1.0000
PT_0632 -4.9720 0.8830 -7.5270 0.0000 0.0000 1.0000 1.0000
PT_0633 -4.9720 1.1950 -7.5270 0.0000 0.0000 1.0000 1.0000
PT_0634 -4.9720 1.5080 -7.5270 0.0000 0.0000 1.0000 1.0000
PT_0635 -4.9720 1.8200 -7.5270 0.0000 0.0000 1.0000 1.0000
PT_0636 -4.9720 2.1330 -7.5270 0.0000 0.0000 1.0000 1.0000
PT_0637 -4.9720 2.4460 -7.5270 0.0000 0.0000 1.0000 1.0000
PT_0638 -4.9720 2.7580 -7.5270 0.0000 0.0000 1.0000 1.0000
PT_0639 -4.9720 0.2580 -7.8560 0.0000 0.0000 1.0000 1.0000
PT_0640 -4.9720 0.5700 -7.8560 0.0000 0.0000 1.0000 1.0000
PT_0641 -4.9720 0.8830 -7.8560 0.0000 0.0000 1.0000 1.0000
PT_0642 -4.9720 1.1950 -7.8560 0.0000 0.0000 1.0000 1.0000
PT_0643 -4.9720 1.5080 -7.8560 0.0000 0.0000 1.0000 1.0000
PT_0644 -4.9720 1.8200 -7.8560 0.0000 0.0000 1.0000 1.0000
PT_0645 -4.9720 2.1330 -7.8560 0.0000 0.0000 1.0000 1.0000
PT_0646 -4.9720 2.4460 -7.8560 0.0000 0.0000 1.0000 1.0000
PT_0647 -4.9720 2.7580 -7.8560 0.0000 0.0000 1.0000 1.0000
PT_0648 -4.9720 0.2580 -8.1840 0.0000 0.0000 1.0000 1.0000
PT_0649 -4.9720 0.5700 -8.1840 0.0000 0.0000 1.0000 1.0000
PT_0650 -4.9720 0.8830 -8.1840 0.0000 0.0000 1.0000 1.0000
PT_0651 -4.9720 1.1950 -8.1840 0.0000 0.0000 1.0000 1.0000
PT_0652 -4.9720 1.5080 -8.1840 0.0000 0.0000 1.0000 1.0000
PT_0653 -4.9720 1.8200 -8.1840 0.0000 0.0000 1.0000 1.0000
PT_0654 -4.9720 2.1330 -8.1840 0.0000 0.0000 1.0000 1.0000
PT_0655 -4.9720 2.4460 -8.1840 0.0000 0.0000 1.0000 1.0000
PT_0656 -4.9720 2.7580 -8.1840 0.0000 0.0000 1.0000 1.0000
PT_0657 -4.9720 0.2580 -8.5120 0.0000 0.0000 1.0000 1.0000
PT_0658 -4.9720 0.5700 -8.5120 0.0000 0.0000 1.0000 1.0000
PT_0659 -4.9720 0.8830 -8.5120 0.0000 0.0000 1.0000 1.0000
PT_0660 -4.9720 1.1950 -8.5120 0.0000 0.0000 1.0000 1.0000
PT_0661 -4.9720 1.5080 -8.5120 0.0000 0.0000 1.0000 1.0000
PT_0662 -4.9720 1.8200 -8.5120 0.0000 0.0000 1.0000 1.0000
PT_0663 -4.9720 2.1330 -8.5120 0.0000 0.0000 1.0000 1.0000
PT_0664 -4.9720 2.4460 -8.5120 0.0000 0.0000 1.0000 1.0000
PT_0665 -4.9720 2.7580 -8.5120 0.0000 0.0000 1.0000 1.0000
PT_0666 -4.9720 0.2580 -8.8410 0.0000 0.0000 1.0000 1.0000
PT_0667 -4.9720 0.5700 -8.8410 0.0000 0.0000 1.0000 1.0000
PT_0668 -4.9720 0.8830 -8.8410 0.0000 0.0000 1.0000 1.0000
PT_0669 -4.9720 1.1950 -8.8410 0.0000 0.0000 1.0000 1.0000
PT_0670 -4.9720 1.5080 -8.8410 0.0000 0.0000 1.0000 1.0000
PT_0671 -4.9720 1.8200 -8.8410 0.0000 0.0000 1.0000 1.0000
PT_0672 -4.9720 2.1330 -8.8410 0.0000 0.0000 1.0000 1.0000
PT_0673 -4.9720 2.4460 -8.8410 0.0000 0.0000 1.0000 1.0000
PT_0674 -4.9720 2.7580 -8.8410 0.0000 0.0000 1.0000 1.0000
PT_0675 -4.9720 0.2580 -9.1690 0.0000 0.0000 1.0000 1.0000
PT_0676 -4.9720 0.5700 -9.1690 0.0000 0.0000 1.0000 1.0000
PT_0677 -4.9720 0.8830 -9.1690 0.0000 0.0000 1.0000 1.0000
PT_0678 -4.9720 1.1950 -9.1690 0.0000 0.0000 1.0000 1.0000
PT_0679 -4.9720 1.5080 -9.1690 0.0000 0.0000 1.0000 1.0000
PT_0680 -4.9720 1.8200 -9.1690 0.0000 0.0000 1.0000 1.0000
PT_0681 -4.9720 2.1330 -9.1690 0.0000 0.0000 1.0000 1.0000
PT_0682 -4.9720 2.4460 -9.1690 0.0000 0.0000 1.0000 1.0000
PT_0683 -4.9720 2.7580 -9.1690 0.0000 0.0000 1.0000 1.0000
PT_0684 -4.9720 0.2580 -9.4970 0.0000 0.0000 1.0000 1.0000
PT_0685 -4.9720 0.5700 -9.4970 0.0000 0.0000 1.0000 1.0000
PT_0686 -4.9720 0.8830 -9.4970 0.0000 0.0000 1.0000 1.0000
PT_0687 -4.9720 1.1950 -9.4970 0.0005 0.0000 0.9995 1.0000
PT_0688 -4.9720 1.5080 -9.4970 0.0751 0.0000 0.9249 1.0000
PT_0689 -4.9720 1.8200 -9.4970 0.0830 0.0000 0.9170 1.0000
PT_0690 -4.9720 2.1330 -9.4970 0.0232 0.0000 0.9768 1.0000
PT_0691 -4.9720 2.4460 -9.4970 0.0000 0.0000 1.0000 1.0000
PT_0692 -4.9720 2.7580 -9.4970 0.0000 0.0000 1.0000 1.0000
PT_0693 -4.9720 0.2580 -9.8250 0.0000 0.0000 1.0000 1.0000
PT_0694 -4.9720 0.5700 -9.8250 0.0000 0.0000 1.0000 1.0000
PT_0695 -4.9720 0.8830 -9.8250 0.0912 0.0000 0.9088 1.0000
PT_0696 -4.9720 1.1950 -9.8250 0.2461 0.0000 0.7539 1.0000
PT_0697 -4.9720 1.5080 -9.8250 0.3364 0.0000 0.6636 1.0000
PT_0698 -4.9720 1.8200 -9.8250 0.3461 0.0000 0.6539 1.0000
PT_0699 -4.9720 2.1330 -9.8250 0.2733 0.0000 0.7267 1.0000
PT_0700 -4.9720 2.4460 -9.8250 0.1312 0.0000 0.8688 1.0000
PT_0701 -4.9720 2.7580 -9.8250 0.0000 0.0000 1.0000 1.0000
PT_0702 -4.9720 0.2580 -10.1540 0.0000 0.0000 1.0000 1.0000
PT_0703 -4.9720 0.5700 -10.1540 0.0399 0.0000 0.9601 1.0000
PT_0704 -4.9720 0.8830 -10.1540 0.2661 0.0000 0.7339 1.0000
PT_0705 -4.9720 1.1950 -10.1540 0.4464 0.0000 0.5536 1.0000
PT_0706 -4.9720 1.5080 -10.1540 0.5556 0.0000 0.4444 1.0000
PT_0707 -4.9720 1.8200 -10.1540 0.5676 0.0000 0.4324 1.0000
PT_0708 -4.9720 2.1330 -10.1540 0.4790 0.0000 0.5210 1.0000
PT_0709 -4.9720 2.4460 -10.1540 0.3119 0.0000 0.6881 1.0000
PT_0710 -4.9720 2.7580 -10.1540 0.0949 0.0000 0.9051 1.0000
PT_0711 -4.8110 0.2580 -10.3180 0.0000 0.0000 1.0000 1.0000
PT_0712 -4.8110 0.5700 -10.3180 0.1711 0.0000 0.8289 1.0000
PT_0713 -4.8110 0.8830 -10.3180 0.4245 0.0000 0.5755 1.0000
PT_0714 -4.8110 1.1950 -10.3180 0.6373 0.0000 0.3627 1.0000
PT_0715 -4.8110 1.5080 -10.3180 0.7747 0.0000 0.2253 1.0000
PT_0716 -4.8110 1.8200 -10.3180 0.7904 0.0000 0.2096 1.0000
PT_0717 -4.8110 2.1330 -10.3180 0.6774 0.0000 0.3226 1.0000
PT_0718 -4.8110 2.4460 -10.3180 0.4774 0.0000 0.5226 1.0000
PT_0719 -4.8110 2.7580 -10.3180 0.2317 0.0000 0.7683 1.0000
PT_0720 -4.4870 0.2580 -10.3180 0.0000 0.0000 1.0000 1.0000
PT_0721 -4.4870 0.5700 -10.3180 0.2801 0.0000 0.7199 1.0000
PT_0722 -4.4870 0.8830 -10.3180 0.5626 0.0000 0.4374 1.0000
PT_0723 -4.4870 1.1950 -10.3180 0.8172 0.0000 0.1828 1.0000
PT_0724 -4.4870 1.5080 -10.3180 1.0000 0.0000 0.0000 1.0000
PT_0725 -4.4870 1.8200 -10.3180 1.0000 0.0000 0.0000 1.0000
PT_0726 -4.4870 2.1330 -10.3180 0.8686 0.0000 0.1314 1.0000
PT_0727 -4.4870 2.4460 -10.3180 0.6238 0.0000 0.3762 1.0000
PT_0728 -4.4870 2.7580 -10.3180 0.3465 0.0000 0.6535 1.0000
PT_0729 -4.1640 0.2580 -10.3180 0.0092 0.0000 0.9908 1.0000
PT_0730 -4.1640 0.5700 -10.3180 0.3084 0.0000 0.6916 1.0000
PT_0731 -4.1640 0.8830 -10.3180 0.5997 0.0000 0.4003 1.0000
PT_0732 -4.1640 1.1950 -10.3180 0.8691 0.0000 0.1309 1.0000
PT_0733 -4.1640 1.5080 -10.3180 1.0000 0.0000 0.0000 1.0000
PT_0734 -4.1640 1.8200 -10.3180 1.0000 0.0000 0.0000 1.0000
PT_0735 -4.1640 2.1330 -10.3180 0.9251 0.0000 0.0749 1.0000
PT_0736 -4.1640 2.4460 -10.3180 0.6636 0.0000 0.3364 1.0000
PT_0737 -4.1640 2.7580 -10.3180 0.3764 0.0000 0.6236 1.0000
PT_0738 -3.8400 0.2580 -10.3180 0.0000 0.0000 1.0000 1.0000
PT_0739 -3.8400 0.5700 -10.3180 0.2505 0.0000 0.7495 1.0000
PT_0740 -3.8400 0.8830 -10.3180 0.5244 0.0000 0.4756 1.0000
PT_0741 -3.8400 1.1950 -10.3180 0.7656 0.0000 0.2344 1.0000
PT_0742 -3.8400 1.5080 -10.3180 0.9333 0.0000 0.0667 1.0000
PT_0743 -3.8400 1.8200 -10.3180 0.9535 0.0000 0.0465 1.0000
PT_0744 -3.8400 2.1330 -10.3180 0.8131 0.0000 0.1869 1.0000
PT_0745 -3.8400 2.4460 -10.3180 0.5831 0.0000 0.4169 1.0000
PT_0746 -3.8400 2.7580 -10.3180 0.3152 0.0000 0.6848 1.0000
PT_0747 -3.5170 0.2580 -10.3180 0.0000 0.0000 1.0000 1.0000
PT_0748 -3.5170 0.5700 -10.3180 0.1176 0.0000 0.8824 1.0000
PT_0749 -3.5170 0.8830 -10.3180 0.3591 0.0000 0.6409 1.0000
PT_0750 -3.5170 1.1950 -10.3180 0.5571 0.0000 0.4429 1.0000
PT_0751 -3.5170 1.5080 -10.3180 0.6809 0.0000 0.3191 1.0000
PT_0752 -3.5170 1.8200 -10.3180 0.6947 0.0000 0.3053 1.0000
PT_0753 -3.5170 2.1330 -10.3180 0.5936 0.0000 0.4064 1.0000
PT_0754 -3.5170 2.4460 -10.3180 0.4089 0.0000 0.5911 1.0000
PT_0755 -3.5170 2.7580 -10.3180 0.1758 0.0000 0.8242 1.0000
PT_0756 -3.1930 0.2580 -10.3180 0.0000 0.0000 1.0000 1.0000
PT_0757 -3.1930 0.5700 -10.3180 0.0000 0.0000 1.0000 1.0000
PT_0758 -3.1930 0.8830 -10.3180 0.1354 0.0000 0.8646 1.0000
PT_0759 -3.1930 1.1950 -10.3180 0.2960 0.0000 0.7040 1.0000
PT_0760 -3.1930 1.5080 -10.3180 0.3903 0.0000 0.6097 1.0000
PT_0761 -3.1930 1.8200 -10.3180 0.4005 0.0000 0.5995 1.0000
PT_0762 -3.1930 2.1330 -10.3180 0.3244 0.0000 0.6756 1.0000
PT_0763 -3.1930 2.4460 -10.3180 0.1767 0.0000 0.8233 1.0000
PT_0764 -3.1930 2.7580 -10.3180 0.0000 0.0000 1.0000 1.0000
PT_0765 -2.8700 0.2580 -10.3180 0.0000 0.0000 1.0000 1.0000
PT_0766 -2.8700 0.5700 -10.3180 0.0000 0.0000 1.0000 1.0000
PT_0767 -2.8700 0.8830 -10.3180 0.0000 0.0000 1.0000 1.0000
PT_0768 -2.8700 1.1950 -10.3180 0.0109 0.0000 0.9891 1.0000
PT_0769 -2.8700 1.5080 -10.3180 0.0861 0.0000 0.9139 1.0000
PT_0770 -2.8700 1.8200 -10.3180 0.0940 0.0000 0.9060 1.0000
PT_0771 -2.8700 2.1330 -10.3180 0.0338 0.0000 0.9662 1.0000
PT_0772 -2.8700 2.4460 -10.3180 0.0000 0.0000 1.0000 1.0000
PT_0773 -2.8700 2.7580 -10.3180 0.0000 0.0000 1.0000 1.0000
PT_0774 -2.5460 0.2580 -10.3180 0.0000 0.0000 1.0000 1.0000
PT_0775 -2.5460 0.5700 -10.3180 0.0000 0.0000 1.0000 1.0000
PT_0776 -2.5460 0.8830 -10.3180 0.0000 0.0000 1.0000 1.0000
PT_0777 -2.5460 1.1950 -10.3180 0.0000 0.0000 1.0000 1.0000
PT_0778 -2.5460 1.5080 -10.3180 0.0000 0.0000 1.0000 1.0000
PT_0779 -2.5460 1.8200 -10.3180 0.0000 0.0000 1.0000 1.0000
PT_0780 -2.5460 2.1330 -10.3180 0.0000 0.0000 1.0000 1.0000
PT_0781 -2.5460 2.4460 -10.3180 0.0000 0.0000 1.0000 1.0000
PT_0782 -2.5460 2.7580 -10.3180 0.0000 0.0000 1.0000 1.0000
PT_0783 -2.2230 0.2580 -10.3180 0.0000 0.0000 1.0000 1.0000
PT_0784 -2.2230 0.5700 -10.3180 0.0000 0.0000 1.0000 1.0000
PT_0785 -2.2230 0.8830 -10.3180 0.0000 0.0000 1.0000 1.0000
PT_0786 -2.2230 1.1950 -10.3180 0.0000 0.0000 1.0000 1.0000
PT_0787 -2.2230 1.5080 -10.3180 0.0000 0.0000 1.0000 1.0000
PT_0788 -2.2230 1.8200 -10.3180 0.0000 0.0000 1.0000 1.0000
PT_0789 -2.2230 2.1330 -10.3180 0.0000 0.0000 1.0000 1.0000
PT_0790 -2.2230 2.4460 -10.3180 0.0000 0.0000 1.0000 1.0000
PT_0791 -2.2230 2.7580 -10.3180 0.0000 0.0000 1.0000 1.0000
PT_0792 -1.8990 0.2580 -10.3180 0.0000 0.0000 1.0000 1.0000
PT_0793 -1.8990 0.5700 -10.3180 0.0000 0.0000 1.0000 1.0000
PT_0794 -1.8990 0.8830 -10.3180 0.0000 0.0000 1.0000 1.0000
PT_0795 -1.8990 1.1950 -10.3180 0.0000 0.0000 1.0000 1.0000
PT_0796 -1.8990 1.5080 -10.3180 0.0000 0.0000 1.0000 1.0000
PT_0797 -1.8990 1.8200 -10.3180 0.0000 0.0000 1.0000 1.0000
PT_0798 -1.8990 2.1330 -10.3180 0.0000 0.0000 1.0000 1.0000
PT_0799 -1.8990 2.4460 -10.3180 0.0000 0.0000 1.0000 1.0000
PT_0800 -1.8990 2.7580 -10.3180 0.0000 0.0000 1.0000 1.0000
PT_0801 -1.5760 0.2580 -10.3180 0.0000 0.0000 1.0000 1.0000
PT_0802 -1.5760 0.5700 -10.3180 0.0000 0.0000 1.0000 1.0000
PT_0803 -1.5760 0.8830 -10.3180 0.0000 0.0000 1.0000 1.0000
PT_0804 -1.5760 1.1950 -10.3180 0.0000 0.0000 1.0000 1.0000
PT_0805 -1.5760 1.5080 -10.3180 0.0000 0.0000 1.0000 1.0000
PT_0806 -1.5760 1.8200 -10.3180 0.0000 0.0000 1.0000 1.0000
PT_0807 -1.5760 2.1330 -10.3180 0.0000 0.0000 1.0000 1.0000
PT_0808 -1.5760 2.4460 -10.3180 0.0000 0.0000 1.0000 1.0000
PT_0809 -1.5760 2.7580 -10.3180 0.0000 0.0000 1.0000 1.0000
PT_0810 -1.2520 0.2580 -10.3180 0.0000 0.0000 1.0000 1.0000
PT_0811 -1.2520 0.5700 -10.3180 0.0000 0.0000 1.0000 1.0000
PT_0812 -1.2520 0.8830 -10.3180 0.0000 0.0000 1.0000 1.0000
PT_0813 -1.2520 1.1950 -10.3180 0.0000 0.0000 1.0000 1.0000
PT_0814 -1.2520 1.5080 -10.3180 0.0000 0.0000 1.0000 1.0000
PT_0815 -1.2520 1.8200 -10.3180 0.0000 0.0000 1.0000 1.0000
PT_0816 -1.2520 2.1330 -10.3180 0.0000 0.0000 1.0000 1.0000
PT_0817 -1.2520 2.4460 -10.3180 0.0000 0.0000 1.0000 1.0000
PT_0818 -1.2520 2.7580 -10.3180 0.0000 0.0000 1.0000 1.0000
PT_0819 -0.9290 0.2580 -10.3180 0.0000 0.0000 1.0000 1.0000
PT_0820 -0.9290 0.5700 -10.3180 0.0000 0.0000 1.0000 1.0000
PT_0821 -0.9290 0.8830 -10.3180 0.0000 0.0000 1.0000 1.0000
PT_0822 -0.9290 1.1950 -10.3180 0.0000 0.0000 1.0000 1.0000
PT_0823 -0.9290 1.5080 -10.3180 0.0000 0.0000 1.0000 1.0000
PT_0824 -0.9290 1.8200 -10.3180 0.0000 0.0000 1.0000 1.0000
PT_0825 -0.9290 2.1330 -10.3180 0.0000 0.0000 1.0000 1.0000
PT_0826 -0.9290 2.4460 -10.3180 0.0000 0.0000 1.0000 1.0000
PT_0827 -0.9290 2.7580 -10.3180 0.0000 0.0000 1.0000 1.0000
PT_0828 -0.7670 0.2580 -10.1540 0.0000 0.0000 1.0000 1.0000
PT_0829 -0.7670 0.5700 -10.1540 0.0000 0.0000 1.0000 1.0000
PT_0830 -0.7670 0.8830 -10.1540 0.0000 0.0000 1.0000 1.0000
PT_0831 -0.7670 1.1950 -10.1540 0.0000 0.0000 1.0000 1.0000
PT_0832 -0.7670 1.5080 -10.1540 0.0000 0.0000 1.0000 1.0000
PT_0833 -0.7670 1.8200 -10.1540 0.0000 0.0000 1.0000 1.0000
PT_0834 -0.7670 2.1330 -10.1540 0.0000 0.0000 1.0000 1.0000
PT_0835 -0.7670 2.4460 -10.1540 0.0000 0.0000 1.0000 1.0000
PT_0836 -0.7670 2.7580 -10.1540 0.0000 0.0000 1.0000 1.0000
PT_0837 -0.7670 0.2580 -9.8250 0.0000 0.0000 1.0000 1.0000
PT_0838 -0.7670 0.5700 -9.8250 0.0000 0.0000 1.0000 1.0000
PT_0839 -0.7670 0.8830 -9.8250 0.0000 0.0000 1.0000 1.0000
PT_0840 -0.7670 1.1950 -9.8250 0.0000 0.0000 1.0000 1.0000
PT_0841 -0.7670 1.5080 -9.8250 0.0000 0.0000 1.0000 1.0000
PT_0842 -0.7670 1.8200 -9.8250 0.0000 0.0000 1.0000 1.0000
PT_0843 -0.7670 2.1330 -9.8250 0.0000 0.0000 1.0000 1.0000
PT_0844 -0.7670 2.4460 -9.8250 0.0000 0.0000 1.0000 1.0000
PT_0845 -0.7670 2.7580 -9.8250 0.0000 0.0000 1.0000 1.0000
PT_0846 -0.7670 0.2580 -9.4970 0.0000 0.0000 1.0000 1.0000
PT_0847 -0.7670 0.5700 -9.4970 0.0000 0.0000 1.0000 1.0000
PT_0848 -0.7670 0.8830 -9.4970 0.0000 0.0000 1.0000 1.0000
PT_0849 -0.7670 1.1950 -9.4970 0.0000 0.0000 1.0000 1.0000
PT_0850 -0.7670 1.5080 -9.4970 0.0000 0.0000 1.0000 1.0000
PT_0851 -0.7670 1.8200 -9.4970 0.0000 0.0000 1.0000 1.0000
PT_0852 -0.7670 2.1330 -9.4970 0.0000 0.0000 1.0000 1.0000
PT_0853 -0.7670 2.4460 -9.4970 0.0000 0.0000 1.0000 1.0000
PT_0854 -0.7670 2.7580 -9.4970 0.0000 0.0000 1.0000 1.0000
PT_0855 -0.7670 0.2580 -9.1690 0.0000 0.0000 1.0000 1.0000
PT_0856 -0.7670 0.5700 -9.1690 0.0000 0.0000 1.0000 1.0000
PT_0857 -0.7670 0.8830 -9.1690 0.0000 0.0000 1.0000 1.0000
PT_0858 -0.7670 1.1950 -9.1690 0.0000 0.0000 1.0000 1.0000
PT_0859 -0.7670 1.5080 -9.1690 0.0000 0.0000 1.0000 1.0000
PT_0860 -0.7670 1.8200 -9.1690 0.0000 0.0000 1.0000 1.0000
PT_0861 -0.7670 2.1330 -9.1690 0.0000 0.0000 1.0000 1.0000
PT_0862 -0.7670 2.4460 -9.1690 0.0000 0.0000 1.0000 1.0000
PT_0863 -0.7670 2.7580 -9.1690 0.0000 0.0000 1.0000 1.0000
PT_0864 -0.7670 0.2580 -8.8410 0.0000 0.0000 1.0000 1.0000
PT_0865 -0.7670 0.5700 -8.8410 0.0000 0.0000 1.0000 1.0000
PT_0866 -0.7670 0.8830 -8.8410 0.0000 0.0000 1.0000 1.0000
PT_0867 -0.7670 1.1950 -8.8410 0.0000 0.0000 1.0000 1.0000
PT_0868 -0.7670 1.5080 -8.8410 0.0000 0.0000 1.0000 1.0000
PT_0869 -0.7670 1.8200 -8.8410 0.0000 0.0000 1.0000 1.0000
PT_0870 -0.7670 2.1330 -8.8410 0.0000 0.0000 1.0000 1.0000
PT_0871 -0.7670 2.4460 -8.8410 0.0000 0.0000 1.0000 1.0000
PT_0872 -0.7670 2.7580 -8.8410 0.0000 0.0000 1.0000 1.0000
PT_0873 -0.7670 0.2580 -8.5120 0.0000 0.0000 1.0000 1.0000
PT_0874 -0.7670 0.5700 -8.5120 0.0000 0.0000 1.0000 1.0000
PT_0875 -0.7670 0.8830 -8.5120 0.0000 0.0000 1.0000 1.0000
PT_0876 -0.7670 1.1950 -8.5120 0.0000 0.0000 1.0000 1.0000
PT_0877 -0.7670 1.5080 -8.5120 0.0000 0.0000 1.0000 1.0000
PT_0878 -0.7670 1.8200 -8.5120 0.0000 0.0000 1.0000 1.0000
PT_0879 -0.7670 2.1330 -8.5120 0.0000 0.0000 1.0000 1.0000
PT_0880 -0.7670 2.4460 -8.5120 0.0000 0.0000 1.0000 1.0000
PT_0881 -0.7670 2.7580 -8.5120 0.0000 0.0000 1.0000 1.0000
PT_0882 -0.7670 0.2580 -8.1840 0.0000 0.0000 1.0000 1.0000
PT_0883 -0.7670 0.5700 -8.1840 0.0000 0.0000 1.0000 1.0000
PT_0884 -0.7670 0.8830 -8.1840 0.0000 0.0000 1.0000 1.0000
PT_0885 -0.7670 1.1950 -8.1840 0.0000 0.0000 1.0000 1.0000
PT_0886 -0.7670 1.5080 -8.1840 0.0000 0.0000 1.0000 1.0000
PT_0887 -0.7670 1.8200 -8.1840 0.0000 0.0000 1.0000 1.0000
PT_0888 -0.7670 2.1330 -8.1840 0.0000 0.0000 1.0000 1.0000
PT_0889 -0.7670 2.4460 -8.1840 0.0000 0.0000 1.0000 1.0000
PT_0890 -0.7670 2.7580 -8.1840 0.0000 0.0000 1.0000 1.0000
PT_0891 -0.7670 0.2580 -7.8560 0.0000 0.0000 1.0000 1.0000
PT_0892 -0.7670 0.5700 -7.8560 0.0000 0.0000 1.0000 1.0000
PT_0893 -0.7670 0.8830 -7.8560 0.0000 0.0000 1.0000 1.0000
PT_0894 -0.7670 1.1950 -7.8560 0.0000 0.0000 1.0000 1.0000
PT_0895 -0.7670 1.5080 -7.8560 0.0000 0.0000 1.0000 1.0000
PT_0896 -0.7670 1.8200 -7.8560 0.0000 0.0000 1.0000 1.0000
PT_0897 -0.7670 2.1330 -7.8560 0.0000 0.0000 1.0000 1.0000
PT_0898 -0.7670 2.4460 -7.8560 0.0000 0.0000 1.0000 1.0000
PT_0899 -0.7670 2.7580 -7.8560 0.0000 0.0000 1.0000 1.0000
PT_0900 -0.7670 0.2580 -7.5270 0.0000 0.0000 1.0000 1.0000
PT_0901 -0.7670 0.5700 -7.5270 0.0000 0.0000 1.0000 1.0000
PT_0902 -0.7670 0.8830 -7.5270 0.0000 0.0000 1.0000 1.0000
PT_0903 -0.7670 1.1950 -7.5270 0.0000 0.0000 1.0000 1.0000
PT_0904 -0.7670 1.5080 -7.5270 0.0000 0.0000 1.0000 1.0000
PT_0905 -0.7670 1.8200 -7.5270 0.0000 0.0000 1.0000 1.0000
PT_0906 -0.7670 2.1330 -7.5270 0.0000 0.0000 1.0000 1.0000
PT_0907 -0.7670 2.4460 -7.5270 0.0000 0.0000 1.0000 1.0000
PT_0908 -0.7670 2.7580 -7.5270 0.0000 0.0000 1.0000 1.0000
PT_0909 -0.7670 0.2580 -7.1990 0.0000 0.0000 1.0000 1.0000
PT_0910 -0.7670 0.5700 -7.1990 0.0000 0.0000 1.0000 1.0000
PT_0911 -0.7670 0.8830 -7.1990 0.0000 0.0000 1.0000 1.0000
PT_0912 -0.7670 1.1950 -7.1990 0.0000 0.0000 1.0000 1.0000
PT_0913 -0.7670 1.5080 -7.1990 0.0000 0.0000 1.0000 1.0000
PT_0914 -0.7670 1.8200 -7.1990 0.0000 0.0000 1.0000 1.0000
PT_0915 -0.7670 2.1330 -7.1990 0.0000 0.0000 1.0000 1.0000
PT_0916 -0.7670 2.4460 -7.1990 0.0000 0.0000 1.0000 1.0000
PT_0917 -0.7670 2.7580 -7.1990 0.0000 0.0000 1.0000 1.0000
PT_0918 -0.7670 0.2580 -6.8710 0.0000 0.0000 1.0000 1.0000
PT_0919 -0.7670 0.5700 -6.8710 0.0000 0.0000 1.0000 1.0000
PT_0920 -0.7670 0.8830 -6.8710 0.0000 0.0000 1.0000 1.0000
PT_0921 -0.7670 1.1950 -6.8710 0.0000 0.0000 1.0000 1.0000
PT_0922 -0.7670 1.5080 -6.8710 0.0000 0.0000 1.0000 1.0000
PT_0923 -0.7670 1.8200 -6.8710 0.0000 0.0000 1.0000 1.0000
PT_0924 -0.7670 2.1330 -6.8710 0.0000 0.0000 1.0000 1.0000
PT_0925 -0.7670 2.4460 -6.8710 0.0000 0.0000 1.0000 1.0000
PT_0926 -0.7670 2.7580 -6.8710 0.0000 0.0000 1.0000 1.0000
PT_0927 -0.7670 0.2580 -6.5420 0.0000 0.0000 1.0000 1.0000
PT_0928 -0.7670 0.5700 -6.5420 0.0000 0.0000 1.0000 1.0000
PT_0929 -0.7670 0.8830 -6.5420 0.0000 0.0000 1.0000 1.0000
PT_0930 -0.7670 1.1950 -6.5420 0.0000 0.0000 1.0000 1.0000
PT_0931 -0.7670 1.5080 -6.5420 0.0000 0.0000 1.0000 1.0000
PT_0932 -0.7670 1.8200 -6.5420 0.0000 0.0000 1.0000 1.0000
PT_0933 -0.7670 2.1330 -6.5420 0.0000 0.0000 1.0000 1.0000
PT_0934 -0.7670 2.4460 -6.5420 0.0000 0.0000 1.0000 1.0000
PT_0935 -0.7670 2.7580 -6.5420 0.0000 0.0000 1.0000 1.0000
PT_0936 -0.7670 0.2580 -6.2140 0.0000 0.0000 1.0000 1.0000
PT_0937 -0.7670 0.5700 -6.2140 0.0000 0.0000 1.0000 1.0000
PT_0938 -0.7670 0.8830 -6.2140 0.0000 0.0000 1.0000 1.0000
PT_0939 -0.7670 1.1950 -6.2140 0.0000 0.0000 1.0000 1.0000
PT_0940 -0.7670 1.5080 -6.2140 0.0000 0.0000 1.0000 1.0000
PT_0941 -0.7670 1.8200 -6.2140 0.0000 0.0000 1.0000 1.0000
PT_0942 -0.7670 2.1330 -6.2140 0.0000 0.0000 1.0000 1.0000
PT_0943 -0.7670 2.4460 -6.2140 0.0000 0.0000 1.0000 1.0000
PT_0944 -0.7670 2.7580 -6.2140 0.0000 0.0000 1.0000 1.0000
PT_0945 -0.7670 0.2580 -5.8860 0.0000 0.0000 1.0000 1.0000
PT_0946 -0.7670 0.5700 -5.8860 0.0000 0.0000 1.0000 1.0000
PT_0947 -0.7670 0.8830 -5.8860 0.0000 0.0000 1.0000 1.0000
PT_0948 -0.7670 1.1950 -5.8860 0.0000 0.0000 1.0000 1.0000
PT_0949 -0.7670 1.5080 -5.8860 0.0000 0.0000 1.0000 1.0000
PT_0950 -0.7670 1.8200 -5.8860 0.0000 0.0000 1.0000 1.0000
PT_0951 -0.7670 2.1330 -5.8860 0.0000 0.0000 1.0000 1.0000
PT_0952 -0.7670 2.4460 -5.8860 0.0000 0.0000 1.0000 1.0000
PT_0953 -0.7670 2.7580 -5.8860 0.0000 0.0000 1.0000 1.0000
PT_0954 -0.7670 0.2580 -5.5570 0.0000 0.0000 1.0000 1.0000
PT_0955 -0.7670 0.5700 -5.5570 0.0000 0.0000 1.0000 1.0000
PT_0956 -0.7670 0.8830 -5.5570 0.0000 0.0000 1.0000 1.0000
PT_0957 -0.7670 1.1950 -5.5570 0.0000 0.0000 1.0000 1.0000
PT_0958 -0.7670 1.5080 -5.5570 0.0000 0.0000 1.0000 1.0000
PT_0959 -0.7670 1.8200 -5.5570 0.0000 0.0000 1.0000 1.0000
PT_0960 -0.7670 2.1330 -5.5570 0.0000 0.0000 1.0000 1.0000
PT_0961 -0.7670 2.4460 -5.5570 0.0000 0.0000 1.0000 1.0000
PT_0962 -0.7670 2.7580 -5.5570 0.0000 0.0000 1.0000 1.0000
PT_0963 -0.7670 0.2580 -5.2290 0.0000 0.0000 1.0000 1.0000
PT_0964 -0.7670 0.5700 -5.2290 0.0000 0.0000 1.0000 1.0000
PT_0965 -0.7670 0.8830 -5.2290 0.0000 0.0000 1.0000 1.0000
PT_0966 -0.7670 1.1950 -5.2290 0.0000 0.0000 1.0000 1.0000
PT_0967 -0.7670 1.5080 -5.2290 0.0000 0.0000 1.0000 1.0000
PT_0968 -0.7670 1.8200 -5.2290 0.0000 0.0000 1.0000 1.0000
PT_0969 -0.7670 2.1330 -5.2290 0.0000 0.0000 1.0000 1.0000
PT_0970 -0.7670 2.4460 -5.2290 0.0000 0.0000 1.0000 1.0000
PT_0971 -0.7670 2.7580 -5.2290 0.0000 0.0000 1.0000 1.0000
PT_0972 -0.7670 0.2580 -4.9010 0.0000 0.0000 1.0000 1.0000
PT_0973 -0.7670 0.5700 -4.9010 0.0000 0.0000 1.0000 1.0000
PT_0974 -0.7670 0.8830 -4.9010 0.0000 0.0000 1.0000 1.0000
PT_0975 -0.7670 1.1950 -4.9010 0.0000 0.0000 1.0000 1.0000
PT_0976 -0.7670 1.5080 -4.9010 0.0000 0.0000 1.0000 1.0000
PT_0977 -0.7670 1.8200 -4.9010 0.0000 0.0000 1.0000 1.0000
PT_0978 -0.7670 2.1330 -4.9010 0.0000 0.0000 1.0000 1.0000
PT_0979 -0.7670 2.4460 -4.9010 0.0000 0.0000 1.0000 1.0000
PT_0980 -0.7670 2.7580 -4.9010 0.0000 0.0000 1.0000 1.0000
PT_0981 -0.7670 0.2580 -4.5720 0.0000 0.0000 1.0000 1.0000
PT_0982 -0.7670 0.5700 -4.5720 0.0000 0.0000 1.0000 1.0000
PT_0983 -0.7670 0.8830 -4.5720 0.0000 0.0000 1.0000 1.0000
PT_0984 -0.7670 1.1950 -4.5720 0.0000 0.0000 1.0000 1.0000
PT_0985 -0.7670 1.5080 -4.5720 0.0000 0.0000 1.0000 1.0000
PT_0986 -0.7670 1.8200 -4.5720 0.0000 0.0000 1.0000 1.0000
PT_0987 -0.7670 2.1330 -4.5720 0.0000 0.0000 1.0000 1.0000
PT_0988 -0.7670 2.4460 -4.5720 0.0000 0.0000 1.0000 1.0000
PT_0989 -0.7670 2.7580 -4.5720 0.0000 0.0000 1.0000 1.0000
PT_0990 -0.7670 0.2580 -4.2440 0.0000 0.0000 1.0000 1.0000
PT_0991 -0.7670 0.5700 -4.2440 0.0000 0.0000 1.0000 1.0000
PT_0992 -0.7670 0.8830 -4.2440 0.0000 0.0000 1.0000 1.0000
PT_0993 -0.7670 1.1950 -4.2440 0.0005 0.0000 0.9995 1.0000
PT_0994 -0.7670 1.5080 -4.2440 0.0000 0.0000 1.0000 1.0000
PT_0995 -0.7670 1.8200 -4.2440 0.0000 0.0000 1.0000 1.0000
PT_0996 -0.7670 2.1330 -4.2440 0.0000 0.0000 1.0000 1.0000
PT_0997 -0.7670 2.4460 -4.2440 0.0000 0.0000 1.0000 1.0000
PT_0998 -0.7670 2.7580 -4.2440 0.0000 0.0000 1.0000 1.0000
PT_0999 -0.7670 0.2580 -3.9160 0.0000 0.0000 1.0000 1.0000
PT_1000 -0.7670 0.5700 -3.9160 0.0752 0.0000 0.9248 1.0000
PT_1001 -0.7670 0.8830 -3.9160 0.2008 0.0000 0.7992 1.0000
PT_1002 -0.7670 1.1950 -3.9160 0.2583 0.0000 0.7417 1.0000
PT_1003 -0.7670 1.5080 -3.9160 0.2386 0.0000 0.7614 1.0000
PT_1004 -0.7670 1.8200 -3.9160 0.1454 0.0000 0.8546 1.0000
PT_1005 -0.7670 2.1330 -3.9160 0.0000 0.0000 1.0000 1.0000
PT_1006 -0.7670 2.4460 -3.9160 0.0000 0.0000 1.0000 1.0000
PT_1007 -0.7670 2.7580 -3.9160 0.0000 0.0000 1.0000 1.0000
PT_1008 -0.7670 0.2580 -3.5880 0.0596 0.0000 0.9404 1.0000
PT_1009 -0.7670 0.5700 -3.5880 0.2596 0.0000 0.7404 1.0000
PT_1010 -0.7670 0.8830 -3.5880 0.4061 0.0000 0.5939 1.0000
PT_1011 -0.7670 1.1950 -3.5880 0.4750 0.0000 0.5250 1.0000
PT_1012 -0.7670 1.5080 -3.5880 0.4513 0.0000 0.5487 1.0000
PT_1013 -0.7670 1.8200 -3.5880 0.3408 0.0000 0.6592 1.0000
PT_1014 -0.7670 2.1330 -3.5880 0.1643 0.0000 0.8357 1.0000
PT_1015 -0.7670 2.4460 -3.5880 0.0000 0.0000 1.0000 1.0000
PT_1016 -0.7670 2.7580 -3.5880 0.0000 0.0000 1.0000 1.0000
PT_1017 -0.7670 0.2580 -3.2590 0.1591 0.0000 0.8409 1.0000
PT_1018 -0.7670 0.5700 -3.2590 0.3766 0.0000 0.6234 1.0000
PT_1019 -0.7670 0.8830 -3.2590 0.5409 0.0000 0.4591 1.0000
PT_1020 -0.7670 1.1950 -3.2590 0.6203 0.0000 0.3797 1.0000
PT_1021 -0.7670 1.5080 -3.2590 0.5928 0.0000 0.4072 1.0000
PT_1022 -0.7670 1.8200 -3.2590 0.4670 0.0000 0.5330 1.0000
PT_1023 -0.7670 2.1330 -3.2590 0.2722 0.0000 0.7278 1.0000
PT_1024 -0.7670 2.4460 -3.2590 0.0359 0.0000 0.9641 1.0000
PT_1025 -0.7670 2.7580 -3.2590 0.0000 0.0000 1.0000 1.0000
PT_1026 -0.7670 0.2580 -2.9310 0.1818 0.0000 0.8182 1.0000
PT_1027 -0.7670 0.5700 -2.9310 0.4038 0.0000 0.5962 1.0000
PT_1028 -0.7670 0.8830 -2.9310 0.5729 0.0000 0.4271 1.0000
PT_1029 -0.7670 1.1950 -2.9310 0.6553 0.0000 0.3447 1.0000
PT_1030 -0.7670 1.5080 -2.9310 0.6267 0.0000 0.3733 1.0000
PT_1031 -0.7670 1.8200 -2.9310 0.4967 0.0000 0.5033 1.0000
PT_1032 -0.7670 2.1330 -2.9310 0.2971 0.0000 0.7029 1.0000
PT_1033 -0.7670 2.4460 -2.9310 0.0566 0.0000 0.9434 1.0000
PT_1034 -0.7670 2.7580 -2.9310 0.0000 0.0000 1.0000 1.0000
PT_1035 -0.7670 0.2580 -2.6030 0.1243 0.0000 0.8757 1.0000
PT_1036 -0.7670 0.5700 -2.6030 0.3353 0.0000 0.6647 1.0000
PT_1037 -0.7670 0.8830 -2.6030 0.4929 0.0000 0.5071 1.0000
PT_1038 -0.7670 1.1950 -2.6030 0.5682 0.0000 0.4318 1.0000
PT_1039 -0.7670 1.5080 -2.6030 0.5422 0.0000 0.4578 1.0000
PT_1040 -0.7670 1.8200 -2.6030 0.4223 0.0000 0.5777 1.0000
PT_1041 -0.7670 2.1330 -2.6030 0.2344 0.0000 0.7656 1.0000
PT_1042 -0.7670 2.4460 -2.6030 0.0039 0.0000 0.9961 1.0000
PT_1043 -0.7670 2.7580 -2.6030 0.0000 0.0000 1.0000 1.0000
PT_1044 -0.7670 0.2580 -2.2740 0.0000 0.0000 1.0000 1.0000
PT_1045 -0.7670 0.5700 -2.2740 0.1855 0.0000 0.8145 1.0000
PT_1046 -0.7670 0.8830 -2.2740 0.3228 0.0000 0.6772 1.0000
PT_1047 -0.7670 1.1950 -2.2740 0.3866 0.0000 0.6134 1.0000
PT_1048 -0.7670 1.5080 -2.2740 0.3647 0.0000 0.6353 1.0000
PT_1049 -0.7670 1.8200 -2.2740 0.2619 0.0000 0.7381 1.0000
PT_1050 -0.7670 2.1330 -2.2740 0.0953 0.0000 0.9047 1.0000
PT_1051 -0.7670 2.4460 -2.2740 0.0000 0.0000 1.0000 1.0000
PT_1052 -0.7670 2.7580 -2.2740 0.0000 0.0000 1.0000 1.0000
PT_1053 -0.7670 0.2580 -1.9460 0.0000 0.0000 1.0000 1.0000
PT_1054 -0.7670 0.5700 -1.9460 0.0000 0.0000 1.0000 1.0000
PT_1055 -0.7670 0.8830 -1.9460 0.0959 0.0000 0.9041 1.0000
PT_1056 -0.7670 1.1950 -1.9460 0.1489 0.0000 0.8511 1.0000
PT_1057 -0.7670 1.5080 -1.9460 0.1308 0.0000 0.8692 1.0000
PT_1058 -0.7670 1.8200 -1.9460 0.0444 0.0000 0.9556 1.0000
PT_1059 -0.7670 2.1330 -1.9460 0.0000 0.0000 1.0000 1.0000
PT_1060 -0.7670 2.4460 -1.9460 0.0000 0.0000 1.0000 1.0000
PT_1061 -0.7670 2.7580 -1.9460 0.0000 0.0000 1.0000 1.0000
PT_1062 -0.7670 0.2580 -1.6180 0.0000 0.0000 1.0000 1.0000
PT_1063 -0.7670 0.5700 -1.6180 0.0000 0.0000 1.0000 1.0000
PT_1064 -0.7670 0.8830 -1.6180 0.0000 0.0000 1.0000 1.0000
PT_1065 -0.7670 1.1950 -1.6180 0.0000 0.0000 1.0000 1.0000
PT_1066 -0.7670 1.5080 -1.6180 0.0000 0.0000 1.0000 1.0000
PT_1067 -0.7670 1.8200 -1.6180 0.0000 0.0000 1.0000 1.0000
PT_1068 -0.7670 2.1330 -1.6180 0.0000 0.0000 1.0000 1.0000
PT_1069 -0.7670 2.4460 -1.6180 0.0000 0.0000 1.0000 1.0000
PT_1070 -0.7670 2.7580 -1.6180 0.0000 0.0000 1.0000 1.0000
PT_1071 -0.7670 0.2580 -1.2890 0.0000 0.0000 1.0000 1.0000
PT_1072 -0.7670 0.5700 -1.2890 0.0000 0.0000 1.0000 1.0000
PT_1073 -0.7670 0.8830 -1.2890 0.0000 0.0000 1.0000 1.0000
PT_1074 -0.7670 1.1950 -1.2890 0.0000 0.0000 1.0000 1.0000
PT_1075 -0.7670 1.5080 -1.2890 0.0000 0.0000 1.0000 1.0000
PT_1076 -0.7670 1.8200 -1.2890 0.0000 0.0000 1.0000 1.0000
PT_1077 -0.7670 2.1330 -1.2890 0.0000 0.0000 1.0000 1.0000
PT_1078 -0.7670 2.4460 -1.2890 0.0000 0.0000 1.0000 1.0000
PT_1079 -0.7670 2.7580 -1.2890 0.0000 0.0000 1.0000 1.0000
PT_1080 -0.7670 0.2580 -0.9610 0.0000 0.0000 1.0000 1.0000
PT_1081 -0.7670 0.5700 -0.9610 0.0000 0.0000 1.0000 1.0000
PT_1082 -0.7670 0.8830 -0.9610 0.0000 0.0000 1.0000 1.0000
PT_1083 -0.7670 1.1950 -0.9610 0.0000 0.0000 1.0000 1.0000
PT_1084 -0.7670 1.5080 -0.9610 0.0000 0.0000 1.0000 1.0000
PT_1085 -0.7670 1.8200 -0.9610 0.0000 0.0000 1.0000 1.0000
PT_1086 -0.7670 2.1330 -0.9610 0.0000 0.0000 1.0000 1.0000
PT_1087 -0.7670 2.4460 -0.9610 0.0000 0.0000 1.0000 1.0000
PT_1088 -0.7670 2.7580 -0.9610 0.0000 0.0000 1.0000 1.0000
PT_1089 -0.7670 0.2580 -0.6330 0.0000 0.0000 1.0000 1.0000
PT_1090 -0.7670 0.5700 -0.6330 0.0000 0.0000 1.0000 1.0000
PT_1091 -0.7670 0.8830 -0.6330 0.0000 0.0000 1.0000 1.0000
PT_1092 -0.7670 1.1950 -0.6330 0.0000 0.0000 1.0000 1.0000
PT_1093 -0.7670 1.5080 -0.6330 0.0000 0.0000 1.0000 1.0000
PT_1094 -0.7670 1.8200 -0.6330 0.0000 0.0000 1.0000 1.0000
PT_1095 -0.7670 2.1330 -0.6330 0.0000 0.0000 1.0000 1.0000
PT_1096 -0.7670 2.4460 -0.6330 0.0000 0.0000 1.0000 1.0000
PT_1097 -0.7670 2.7580 -0.6330 0.0000 0.0000 1.0000 1.0000
PT_1098 -0.7670 0.2580 -0.3040 0.0000 0.0000 1.0000 1.0000
PT_1099 -0.7670 0.5700 -0.3040 0.0000 0.0000 1.0000 1.0000
PT_1100 -0.7670 0.8830 -0.3040 0.0000 0.0000 1.0000 1.0000
PT_1101 -0.7670 1.1950 -0.3040 0.0000 0.0000 1.0000 1.0000
PT_1102 -0.7670 1.5080 -0.3040 0.0000 0.0000 1.0000 1.0000
PT_1103 -0.7670 1.8200 -0.3040 0.0000 0.0000 1.0000 1.0000
PT_1104 -0.7670 2.1330 -0.3040 0.0000 0.0000 1.0000 1.0000
PT_1105 -0.7670 2.4460 -0.3040 0.0000 0.0000 1.0000 1.0000
PT_1106 -0.7670 2.7580 -0.3040 0.0000 0.0000 1.0000 1.0000
PT_1107 -2.3810 0.7520 -6.7120 0.0000 0.0000 1.0000 1.0000
PT_1108 -2.3810 0.7520 -6.9820 0.0000 0.0000 1.0000 1.0000
PT_1109 -2.3810 0.7520 -7.2530 0.0000 0.0000 1.0000 1.0000
PT_1110 -2.3810 0.7520 -7.5240 0.0000 0.0000 1.0000 1.0000
PT_1111 -2.3810 0.7520 -7.7950 0.0000 0.0000 1.0000 1.0000
PT_1112 -2.3810 0.7520 -8.0660 0.0000 0.0000 1.0000 1.0000
PT_1113 -2.3810 0.7520 -8.3370 0.0000 0.0000 1.0000 1.0000
PT_1114 -2.3810 0.7520 -8.6080 0.0000 0.0000 1.0000 1.0000
PT_1115 -2.3810 0.7520 -8.8790 0.0000 0.0000 1.0000 1.0000
PT_1116 -2.6860 0.7520 -6.7120 0.0000 0.0000 1.0000 1.0000
PT_1117 -2.6860 0.7520 -6.9820 0.0000 0.0000 1.0000 1.0000
PT_1118 -2.6860 0.7520 -7.2530 0.0000 0.0000 1.0000 1.0000
PT_1119 -2.6860 0.7520 -7.5240 0.0000 0.0000 1.0000 1.0000
PT_1120 -2.6860 0.7520 -7.7950 0.0000 0.0000 1.0000 1.0000
PT_1121 -2.6860 0.7520 -8.0660 0.0000 0.0000 1.0000 1.0000
PT_1122 -2.6860 0.7520 -8.3370 0.0000 0.0000 1.0000 1.0000
PT_1123 -2.6860 0.7520 -8.6080 0.0000 0.0000 1.0000 1.0000
PT_1124 -2.6860 0.7520 -8.8790 0.0000 0.0000 1.0000 1.0000
PT_1125 -2.9910 0.7520 -6.7120 0.0000 0.0000 1.0000 1.0000
PT_1126 -2.9910 0.7520 -6.9820 0.0000 0.0000 1.0000 1.0000
PT_1127 -2.9910 0.7520 -7.2530 0.0000 0.0000 1.0000 1.0000
PT_1128 -2.9910 0.7520 -7.5240 0.0000 0.0000 1.0000 1.0000
PT_1129 -2.9910 0.7520 -7.7950 0.0000 0.0000 1.0000 1.0000
PT_1130 -2.9910 0.7520 -8.0660 0.0000 0.0000 1.0000 1.0000
PT_1131 -2.9910 0.7520 -8.3370 0.0000 0.0000 1.0000 1.0000
PT_1132 -2.9910 0.7520 -8.6080 0.0000 0.0000 1.0000 1.0000
PT_1133 -2.9910 0.7520 -8.8790 0.0000 0.0000 1.0000 1.0000
PT_1134 -3.2950 0.7520 -6.7120 0.0000 0.0000 1.0000 1.0000
PT_1135 -3.2950 0.7520 -6.9820 0.0000 0.0000 1.0000 1.0000
PT_1136 -3.2950 0.7520 -7.2530 0.0000 0.0000 1.0000 1.0000
PT_1137 -3.2950 0.7520 -7.5240 0.0000 0.0000 1.0000 1.0000
PT_1138 -3.2950 0.7520 -7.7950 0.0000 0.0000 1.0000 1.0000
PT_1139 -3.2950 0.7520 -8.0660 0.0000 0.0000 1.0000 1.0000
PT_1140 -3.2950 0.7520 -8.3370 0.0000 0.0000 1.0000 1.0000
PT_1141 -3.2950 0.7520 -8.6080 0.0000 0.0000 1.0000 1.0000
PT_1142 -3.2950 0.7520 -8.8790 0.0000 0.0000 1.0000 1.0000
PT_1143 -3.2950 0.7520 -6.4410 0.0000 0.0000 1.0000 1.0000
PT_1144 -3.2950 0.7520 -6.1700 0.0000 0.0000 1.0000 1.0000
PT_1145 -3.2950 0.7520 -5.8990 0.0000 0.0000 1.0000 1.0000
PT_1146 -3.2950 0.7520 -5.6280 0.0000 0.0000 1.0000 1.0000
PT_1147 -3.2950 0.7520 -5.3570 0.0000 0.0000 1.0000 1.0000
PT_1148 -3.2950 0.7520 -5.0860 0.0000 0.0000 1.0000 1.0000
PT_1149 -3.2950 0.7520 -4.8150 0.0000 0.0000 1.0000 1.0000
PT_1150 -3.2950 0.7520 -4.5440 0.0000 0.0000 1.0000 1.0000
PT_1151 -3.2950 0.7520 -4.2730 0.0000 0.0000 1.0000 1.0000
PT_1152 -2.9910 0.7520 -6.4410 0.0000 0.0000 1.0000 1.0000
PT_1153 -2.9910 0.7520 -6.1700 0.0000 0.0000 1.0000 1.0000
PT_1154 -2.9910 0.7520 -5.8990 0.0000 0.0000 1.0000 1.0000
PT_1155 -2.9910 0.7520 -5.6280 0.0000 0.0000 1.0000 1.0000
PT_1156 -2.9910 0.7520 -5.3570 0.0000 0.0000 1.0000 1.0000
PT_1157 -2.9910 0.7520 -5.0860 0.0000 0.0000 1.0000 1.0000
PT_1158 -2.9910 0.7520 -4.8150 0.0000 0.0000 1.0000 1.0000
PT_1159 -2.9910 0.7520 -4.5440 0.0000 0.0000 1.0000 1.0000
PT_1160 -2.9910 0.7520 -4.2730 0.0000 0.0000 1.0000 1.0000
PT_1161 -2.6860 0.7520 -6.4410 0.0000 0.0000 1.0000 1.0000
PT_1162 -2.6860 0.7520 -6.1700 0.0000 0.0000 1.0000 1.0000
PT_1163 -2.6860 0.7520 -5.8990 0.0000 0.0000 1.0000 1.0000
PT_1164 -2.6860 0.7520 -5.6280 0.0000 0.0000 1.0000 1.0000
PT_1165 -2.6860 0.7520 -5.3570 0.0000 0.0000 1.0000 1.0000
PT_1166 -2.6860 0.7520 -5.0860 0.0000 0.0000 1.0000 1.0000
PT_1167 -2.6860 0.7520 -4.8150 0.0000 0.0000 1.0000 1.0000
PT_1168 -2.6860 0.7520 -4.5440 0.0000 0.0000 1.0000 1.0000
PT_1169 -2.6860 0.7520 -4.2730 0.0000 0.0000 1.0000 1.0000
PT_1170 -2.3810 0.7520 -6.4410 0.0000 0.0000 1.0000 1.0000
PT_1171 -2.3810 0.7520 -6.1700 0.0000 0.0000 1.0000 1.0000
PT_1172 -2.3810 0.7520 -5.8990 0.0000 0.0000 1.0000 1.0000
PT_1173 -2.3810 0.7520 -5.6280 0.0000 0.0000 1.0000 1.0000
PT_1174 -2.3810 0.7520 -5.3570 0.0000 0.0000 1.0000 1.0000
PT_1175 -2.3810 0.7520 -5.0860 0.0000 0.0000 1.0000 1.0000
PT_1176 -2.3810 0.7520 -4.8150 0.0000 0.0000 1.0000 1.0000
PT_1177 -2.3810 0.7520 -4.5440 0.0000 0.0000 1.0000 1.0000
PT_1178 -2.3810 0.7520 -4.2730 0.0000 0.0000 1.0000 1.0000
PT_1179 -2.3810 0.7520 -1.8350 0.3831 0.0000 0.6169 1.0000
PT_1180 -2.3810 0.7520 -2.1060 0.2302 0.0000 0.7698 1.0000
PT_1181 -2.3810 0.7520 -2.3770 0.3751 0.0000 0.6249 1.0000
PT_1182 -2.3810 0.7520 -2.6480 0.5002 0.0000 0.4998 1.0000
PT_1183 -2.3810 0.7520 -2.9180 0.5615 0.0000 0.4385 1.0000
PT_1184 -2.3810 0.7520 -3.1890 0.5470 0.0000 0.4530 1.0000
PT_1185 -2.3810 0.7520 -3.4600 0.4596 0.0000 0.5404 1.0000
PT_1186 -2.3810 0.7520 -3.7310 0.3153 0.0000 0.6847 1.0000
PT_1187 -2.3810 0.7520 -4.0020 0.1319 0.0000 0.8681 1.0000
PT_1188 -2.6860 0.7520 -1.8350 0.5584 0.0000 0.4416 1.0000
PT_1189 -2.6860 0.7520 -2.1060 0.3812 0.0000 0.6188 1.0000
PT_1190 -2.6860 0.7520 -2.3770 0.3112 0.0000 0.6888 1.0000
PT_1191 -2.6860 0.7520 -2.6480 0.3604 0.0000 0.6396 1.0000
PT_1192 -2.6860 0.7520 -2.9180 0.3465 0.0000 0.6535 1.0000
PT_1193 -2.6860 0.7520 -3.1890 0.2857 0.0000 0.7143 1.0000
PT_1194 -2.6860 0.7520 -3.4600 0.2159 0.0000 0.7841 1.0000
PT_1195 -2.6860 0.7520 -3.7310 0.0964 0.0000 0.9036 1.0000
PT_1196 -2.6860 0.7520 -4.0020 0.0000 0.0000 1.0000 1.0000
PT_1197 -2.9910 0.7520 -1.8350 0.6563 0.0000 0.3437 1.0000
PT_1198 -2.9910 0.7520 -2.1060 0.4622 0.0000 0.5378 1.0000
PT_1199 -2.9910 0.7520 -2.3770 0.5555 0.0000 0.4445 1.0000
PT_1200 -2.9910 0.7520 -2.6480 0.6183 0.0000 0.3817 1.0000
PT_1201 -2.9910 0.7520 -2.9180 0.6004 0.0000 0.3996 1.0000
PT_1202 -2.9910 0.7520 -3.1890 0.5061 0.0000 0.4939 1.0000
PT_1203 -2.9910 0.7520 -3.4600 0.3540 0.0000 0.6460 1.0000
PT_1204 -2.9910 0.7520 -3.7310 0.1637 0.0000 0.8363 1.0000
PT_1205 -2.9910 0.7520 -4.0020 0.0000 0.0000 1.0000 1.0000
PT_1206 -3.2950 0.7520 -1.8350 0.6498 0.0000 0.3502 1.0000
PT_1207 -3.2950 0.7520 -2.1060 0.5950 0.0000 0.4050 1.0000
PT_1208 -3.2950 0.7520 -2.3770 0.7533 0.0000 0.2467 1.0000
PT_1209 -3.2950 0.7520 -2.6480 0.8344 0.0000 0.1656 1.0000
PT_1210 -3.2950 0.7520 -2.9180 0.8109 0.0000 0.1891 1.0000
PT_1211 -3.2950 0.7520 -3.1890 0.6917 0.0000 0.3083 1.0000
PT_1212 -3.2950 0.7520 -3.4600 0.5106 0.0000 0.4894 1.0000
PT_1213 -3.2950 0.7520 -3.7310 0.2953 0.0000 0.7047 1.0000
PT_1214 -3.2950 0.7520 -4.0020 0.0611 0.0000 0.9389 1.0000
