PixelName TrofferNumber TrofferOriginX TrofferOriginY TrofferOriginZ LightVectorX LightVectorY LightVectorZ ColorR ColorG ColorB ColorA GazeVectorX GazeVectorY GazeVectorZ
LGP_Bottom 1 -2.2240 3.0840 -1.2400 0.0158 -0.4226 -0.9062 0.0000 0.0000 1.0000 1.0000 1.0000 0.0000 0.0000
LGP_Left 1 -2.2240 3.0840 -1.2400 0.9062 -0.4226 0.0158 0.0000 0.0000 1.0000 1.0000 1.0000 0.0000 0.0000
LGP_Right 1 -2.2240 3.0840 -1.2400 -0.9062 -0.4226 -0.0158 0.6046 0.0000 0.3954 1.0000 0.0000 0.0000 1.0000
LGP_Top 1 -2.2240 3.0840 -1.2400 -0.0158 -0.4226 0.9062 0.0000 0.0000 1.0000 1.0000 0.5000 0.0000 -0.8660
S11 1 -2.2240 3.0840 -1.2400 0.6033 -0.5446 -0.5826 0.0000 0.0000 1.0000 1.0000
S12 1 -2.2240 3.0840 -1.2400 0.4581 -0.6018 -0.6542 0.0000 0.0000 1.0000 1.0000
S13 1 -2.2240 3.0840 -1.2400 0.2048 -0.6691 -0.7144 0.0000 0.0000 1.0000 1.0000
S14 1 -2.2240 3.0840 -1.2400 0.0000 -0.6820 -0.7314 0.0000 0.0000 1.0000 1.0000
S15 1 -2.2240 3.0840 -1.2400 -0.2173 -0.6691 -0.7107 0.0000 0.0000 1.0000 1.0000
S16 1 -2.2240 3.0840 -1.2400 -0.4520 -0.6157 -0.6455 0.0000 0.0000 1.0000 1.0000
S17 1 -2.2240 3.0840 -1.2400 -0.5930 -0.5446 -0.5930 0.0966 0.0000 0.9034 1.0000
S21 1 -2.2240 3.0840 -1.2400 0.6609 -0.6157 -0.4292 0.0000 0.0000 1.0000 1.0000
S22 1 -2.2240 3.0840 -1.2400 0.4912 -0.7071 -0.5087 0.0000 0.0000 1.0000 1.0000
S23 1 -2.2240 3.0840 -1.2400 0.2660 -0.7771 -0.5704 0.0000 0.0000 1.0000 1.0000
S24 1 -2.2240 3.0840 -1.2400 -0.0105 -0.7986 -0.6017 0.0000 0.0000 1.0000 1.0000
S25 1 -2.2240 3.0840 -1.2400 -0.2602 -0.7880 -0.5580 0.0000 0.0000 1.0000 1.0000
S26 1 -2.2240 3.0840 -1.2400 -0.4912 -0.7071 -0.5087 0.0000 0.0000 1.0000 1.0000
S27 1 -2.2240 3.0840 -1.2400 -0.6609 -0.6157 -0.4292 0.2060 0.0000 0.7940 1.0000
S31 1 -2.2240 3.0840 -1.2400 0.7136 -0.6561 -0.2457 0.0000 0.0000 1.0000 1.0000
S32 1 -2.2240 3.0840 -1.2400 0.5436 -0.7880 -0.2890 0.0000 0.0000 1.0000 1.0000
S33 1 -2.2240 3.0840 -1.2400 0.2918 -0.8910 -0.3478 0.0000 0.0000 1.0000 1.0000
S34 1 -2.2240 3.0840 -1.2400 -0.0250 -0.9336 -0.3575 0.0000 0.0000 1.0000 1.0000
S35 1 -2.2240 3.0840 -1.2400 -0.3266 -0.8910 -0.3154 0.0000 0.0000 1.0000 1.0000
S36 1 -2.2240 3.0840 -1.2400 -0.5486 -0.7880 -0.2795 0.0726 0.0000 0.9274 1.0000
S37 1 -2.2240 3.0840 -1.2400 -0.7136 -0.6561 -0.2457 0.3137 0.0000 0.6863 1.0000
S41 1 -2.2240 3.0840 -1.2400 0.7189 -0.6947 -0.0251 0.0000 0.0000 1.0000 1.0000
S42 1 -2.2240 3.0840 -1.2400 0.5589 -0.8290 -0.0195 0.0000 0.0000 1.0000 1.0000
S43 1 -2.2240 3.0840 -1.2400 0.3579 -0.9336 -0.0188 0.0000 0.0000 1.0000 1.0000
S44 1 -2.2240 3.0840 -1.2400 -0.0350 -0.9986 0.0389 0.0000 0.0000 1.0000 1.0000
S45 1 -2.2240 3.0840 -1.2400 -0.3581 -0.9336 -0.0125 0.0000 0.0000 1.0000 1.0000
S46 1 -2.2240 3.0840 -1.2400 -0.5735 -0.8192 0.0100 0.1110 0.0000 0.8890 1.0000
S47 1 -2.2240 3.0840 -1.2400 -0.7193 -0.6947 -0.0000 0.3556 0.0000 0.6444 1.0000
S51 1 -2.2240 3.0840 -1.2400 0.7144 -0.6691 0.2048 0.0000 0.0000 1.0000 1.0000
S52 1 -2.2240 3.0840 -1.2400 0.5624 -0.7880 0.2504 0.0000 0.0000 1.0000 1.0000
S53 1 -2.2240 3.0840 -1.2400 0.3202 -0.8829 0.3433 0.0000 0.0000 1.0000 1.0000
S54 1 -2.2240 3.0840 -1.2400 -0.0312 -0.9336 0.3570 0.0000 0.0000 1.0000 1.0000
S55 1 -2.2240 3.0840 -1.2400 -0.3377 -0.8829 0.3261 0.0000 0.0000 1.0000 1.0000
S56 1 -2.2240 3.0840 -1.2400 -0.5704 -0.7771 0.2660 0.1061 0.0000 0.8939 1.0000
S57 1 -2.2240 3.0840 -1.2400 -0.7255 -0.6561 0.2080 0.3668 0.0000 0.6332 1.0000
S61 1 -2.2240 3.0840 -1.2400 0.6518 -0.6293 0.4233 0.0000 0.0000 1.0000 1.0000
S62 1 -2.2240 3.0840 -1.2400 0.4912 -0.7193 0.4912 0.0000 0.0000 1.0000 1.0000
S63 1 -2.2240 3.0840 -1.2400 0.3078 -0.7880 0.5332 0.0000 0.0000 1.0000 1.0000
S64 1 -2.2240 3.0840 -1.2400 -0.0200 -0.8192 0.5732 0.0000 0.0000 1.0000 1.0000
S65 1 -2.2240 3.0840 -1.2400 -0.2638 -0.7986 0.5409 0.0000 0.0000 1.0000 1.0000
S66 1 -2.2240 3.0840 -1.2400 -0.5000 -0.7071 0.5000 0.0000 0.0000 1.0000 1.0000
S67 1 -2.2240 3.0840 -1.2400 -0.6542 -0.6018 0.4581 0.2413 0.0000 0.7587 1.0000
S71 1 -2.2240 3.0840 -1.2400 0.5826 -0.5446 0.6033 0.0000 0.0000 1.0000 1.0000
S72 1 -2.2240 3.0840 -1.2400 0.4350 -0.6018 0.6698 0.0000 0.0000 1.0000 1.0000
S73 1 -2.2240 3.0840 -1.2400 0.2048 -0.6691 0.7144 0.0000 0.0000 1.0000 1.0000
S74 1 -2.2240 3.0840 -1.2400 -0.0493 -0.7071 0.7054 0.0000 0.0000 1.0000 1.0000
S75 1 -2.2240 3.0840 -1.2400 -0.2419 -0.6691 0.7027 0.0000 0.0000 1.0000 1.0000
S76 1 -2.2240 3.0840 -1.2400 -0.4466 -0.6018 0.6621 0.0000 0.0000 1.0000 1.0000
S77 1 -2.2240 3.0840 -1.2400 -0.5826 -0.5446 0.6033 0.1252 0.0000 0.8748 1.0000
LGP_Bottom 2 -3.4510 3.0840 -1.2400 0.0158 -0.4226 -0.9062 0.0000 0.0000 1.0000 1.0000
LGP_Left 2 -3.4510 3.0840 -1.2400 0.9062 -0.4226 0.0158 0.0000 0.0000 1.0000 1.0000
LGP_Right 2 -3.4510 3.0840 -1.2400 -0.9062 -0.4226 -0.0158 0.0000 0.0000 1.0000 1.0000
LGP_Top 2 -3.4510 3.0840 -1.2400 -0.0158 -0.4226 0.9062 0.0000 0.0000 1.0000 1.0000
S11 2 -3.4510 3.0840 -1.2400 0.6033 -0.5446 -0.5826 0.0000 0.0000 1.0000 1.0000
S12 2 -3.4510 3.0840 -1.2400 0.4581 -0.6018 -0.6542 0.0000 0.0000 1.0000 1.0000
S13 2 -3.4510 3.0840 -1.2400 0.2048 -0.6691 -0.7144 0.0000 0.0000 1.0000 1.0000
S14 2 -3.4510 3.0840 -1.2400 0.0000 -0.6820 -0.7314 0.0000 0.0000 1.0000 1.0000
S15 2 -3.4510 3.0840 -1.2400 -0.2173 -0.6691 -0.7107 0.0000 0.0000 1.0000 1.0000
S16 2 -3.4510 3.0840 -1.2400 -0.4520 -0.6157 -0.6455 0.0000 0.0000 1.0000 1.0000
S17 2 -3.4510 3.0840 -1.2400 -0.5930 -0.5446 -0.5930 0.0000 0.0000 1.0000 1.0000
S21 2 -3.4510 3.0840 -1.2400 0.6609 -0.6157 -0.4292 0.0000 0.0000 1.0000 1.0000
S22 2 -3.4510 3.0840 -1.2400 0.4912 -0.7071 -0.5087 0.0000 0.0000 1.0000 1.0000
S23 2 -3.4510 3.0840 -1.2400 0.2660 -0.7771 -0.5704 0.0000 0.0000 1.0000 1.0000
S24 2 -3.4510 3.0840 -1.2400 -0.0105 -0.7986 -0.6017 0.0000 0.0000 1.0000 1.0000
S25 2 -3.4510 3.0840 -1.2400 -0.2602 -0.7880 -0.5580 0.0000 0.0000 1.0000 1.0000
S26 2 -3.4510 3.0840 -1.2400 -0.4912 -0.7071 -0.5087 0.0000 0.0000 1.0000 1.0000
S27 2 -3.4510 3.0840 -1.2400 -0.6609 -0.6157 -0.4292 0.0000 0.0000 1.0000 1.0000
S31 2 -3.4510 3.0840 -1.2400 0.7136 -0.6561 -0.2457 0.0000 0.0000 1.0000 1.0000
S32 2 -3.4510 3.0840 -1.2400 0.5436 -0.7880 -0.2890 0.0000 0.0000 1.0000 1.0000
S33 2 -3.4510 3.0840 -1.2400 0.2918 -0.8910 -0.3478 0.0000 0.0000 1.0000 1.0000
S34 2 -3.4510 3.0840 -1.2400 -0.0250 -0.9336 -0.3575 0.0000 0.0000 1.0000 1.0000
S35 2 -3.4510 3.0840 -1.2400 -0.3266 -0.8910 -0.3154 0.0000 0.0000 1.0000 1.0000
S36 2 -3.4510 3.0840 -1.2400 -0.5486 -0.7880 -0.2795 0.0000 0.0000 1.0000 1.0000
S37 2 -3.4510 3.0840 -1.2400 -0.7136 -0.6561 -0.2457 0.0000 0.0000 1.0000 1.0000
S41 2 -3.4510 3.0840 -1.2400 0.7189 -0.6947 -0.0251 0.0000 0.0000 1.0000 1.0000
S42 2 -3.4510 3.0840 -1.2400 0.5589 -0.8290 -0.0195 0.0000 0.0000 1.0000 1.0000
S43 2 -3.4510 3.0840 -1.2400 0.3579 -0.9336 -0.0188 0.0000 0.0000 1.0000 1.0000
S44 2 -3.4510 3.0840 -1.2400 -0.0350 -0.9986 0.0389 0.0000 0.0000 1.0000 1.0000
S45 2 -3.4510 3.0840 -1.2400 -0.3581 -0.9336 -0.0125 0.0000 0.0000 1.0000 1.0000
S46 2 -3.4510 3.0840 -1.2400 -0.5735 -0.8192 0.0100 0.0000 0.0000 1.0000 1.0000
S47 2 -3.4510 3.0840 -1.2400 -0.7193 -0.6947 -0.0000 0.0000 0.0000 1.0000 1.0000
S51 2 -3.4510 3.0840 -1.2400 0.7144 -0.6691 0.2048 0.0000 0.0000 1.0000 1.0000
S52 2 -3.4510 3.0840 -1.2400 0.5624 -0.7880 0.2504 0.0000 0.0000 1.0000 1.0000
S53 2 -3.4510 3.0840 -1.2400 0.3202 -0.8829 0.3433 0.0000 0.0000 1.0000 1.0000
S54 2 -3.4510 3.0840 -1.2400 -0.0312 -0.9336 0.3570 0.0000 0.0000 1.0000 1.0000
S55 2 -3.4510 3.0840 -1.2400 -0.3377 -0.8829 0.3261 0.0000 0.0000 1.0000 1.0000
S56 2 -3.4510 3.0840 -1.2400 -0.5704 -0.7771 0.2660 0.0000 0.0000 1.0000 1.0000
S57 2 -3.4510 3.0840 -1.2400 -0.7255 -0.6561 0.2080 0.0000 0.0000 1.0000 1.0000
S61 2 -3.4510 3.0840 -1.2400 0.6518 -0.6293 0.4233 0.0000 0.0000 1.0000 1.0000
S62 2 -3.4510 3.0840 -1.2400 0.4912 -0.7193 0.4912 0.0000 0.0000 1.0000 1.0000
S63 2 -3.4510 3.0840 -1.2400 0.3078 -0.7880 0.5332 0.0000 0.0000 1.0000 1.0000
S64 2 -3.4510 3.0840 -1.2400 -0.0200 -0.8192 0.5732 0.0000 0.0000 1.0000 1.0000
S65 2 -3.4510 3.0840 -1.2400 -0.2638 -0.7986 0.5409 0.0000 0.0000 1.0000 1.0000
S66 2 -3.4510 3.0840 -1.2400 -0.5000 -0.7071 0.5000 0.0000 0.0000 1.0000 1.0000
S67 2 -3.4510 3.0840 -1.2400 -0.6542 -0.6018 0.4581 0.0000 0.0000 1.0000 1.0000
S71 2 -3.4510 3.0840 -1.2400 0.5826 -0.5446 0.6033 0.0000 0.0000 1.0000 1.0000
S72 2 -3.4510 3.0840 -1.2400 0.4350 -0.6018 0.6698 0.0000 0.0000 1.0000 1.0000
S73 2 -3.4510 3.0840 -1.2400 0.2048 -0.6691 0.7144 0.0000 0.0000 1.0000 1.0000
S74 2 -3.4510 3.0840 -1.2400 -0.0493 -0.7071 0.7054 0.0000 0.0000 1.0000 1.0000
S75 2 -3.4510 3.0840 -1.2400 -0.2419 -0.6691 0.7027 0.0000 0.0000 1.0000 1.0000
S76 2 -3.4510 3.0840 -1.2400 -0.4466 -0.6018 0.6621 0.0000 0.0000 1.0000 1.0000
S77 2 -3.4510 3.0840 -1.2400 -0.5826 -0.5446 0.6033 0.0000 0.0000 1.0000 1.0000
LGP_Bottom 3 -1.6080 3.0840 -3.6860 0.0158 -0.4226 -0.9062 0.0000 0.0000 1.0000 1.0000
LGP_Left 3 -1.6080 3.0840 -3.6860 0.9062 -0.4226 0.0158 0.0000 0.0000 1.0000 1.0000
LGP_Right 3 -1.6080 3.0840 -3.6860 -0.9062 -0.4226 -0.0158 0.0000 0.0000 1.0000 1.0000
LGP_Top 3 -1.6080 3.0840 -3.6860 -0.0158 -0.4226 0.9062 0.0000 0.0000 1.0000 1.0000
S11 3 -1.6080 3.0840 -3.6860 0.6033 -0.5446 -0.5826 0.0000 0.0000 1.0000 1.0000
S12 3 -1.6080 3.0840 -3.6860 0.4581 -0.6018 -0.6542 0.0000 0.0000 1.0000 1.0000
S13 3 -1.6080 3.0840 -3.6860 0.2048 -0.6691 -0.7144 0.0000 0.0000 1.0000 1.0000
S14 3 -1.6080 3.0840 -3.6860 0.0000 -0.6820 -0.7314 0.0000 0.0000 1.0000 1.0000
S15 3 -1.6080 3.0840 -3.6860 -0.2173 -0.6691 -0.7107 0.0000 0.0000 1.0000 1.0000
S16 3 -1.6080 3.0840 -3.6860 -0.4520 -0.6157 -0.6455 0.0000 0.0000 1.0000 1.0000
S17 3 -1.6080 3.0840 -3.6860 -0.5930 -0.5446 -0.5930 0.1107 0.0000 0.8893 1.0000
S21 3 -1.6080 3.0840 -3.6860 0.6609 -0.6157 -0.4292 0.0000 0.0000 1.0000 1.0000
S22 3 -1.6080 3.0840 -3.6860 0.4912 -0.7071 -0.5087 0.0000 0.0000 1.0000 1.0000
S23 3 -1.6080 3.0840 -3.6860 0.2660 -0.7771 -0.5704 0.0000 0.0000 1.0000 1.0000
S24 3 -1.6080 3.0840 -3.6860 -0.0105 -0.7986 -0.6017 0.0000 0.0000 1.0000 1.0000
S25 3 -1.6080 3.0840 -3.6860 -0.2602 -0.7880 -0.5580 0.0000 0.0000 1.0000 1.0000
S26 3 -1.6080 3.0840 -3.6860 -0.4912 -0.7071 -0.5087 0.0000 0.0000 1.0000 1.0000
S27 3 -1.6080 3.0840 -3.6860 -0.6609 -0.6157 -0.4292 0.0148 0.0000 0.9852 1.0000
S31 3 -1.6080 3.0840 -3.6860 0.7136 -0.6561 -0.2457 0.0000 0.0000 1.0000 1.0000
S32 3 -1.6080 3.0840 -3.6860 0.5436 -0.7880 -0.2890 0.0000 0.0000 1.0000 1.0000
S33 3 -1.6080 3.0840 -3.6860 0.2918 -0.8910 -0.3478 0.0000 0.0000 1.0000 1.0000
S34 3 -1.6080 3.0840 -3.6860 -0.0250 -0.9336 -0.3575 0.0000 0.0000 1.0000 1.0000
S35 3 -1.6080 3.0840 -3.6860 -0.3266 -0.8910 -0.3154 0.0000 0.0000 1.0000 1.0000
S36 3 -1.6080 3.0840 -3.6860 -0.5486 -0.7880 -0.2795 0.0000 0.0000 1.0000 1.0000
S37 3 -1.6080 3.0840 -3.6860 -0.7136 -0.6561 -0.2457 0.0000 0.0000 1.0000 1.0000
S41 3 -1.6080 3.0840 -3.6860 0.7189 -0.6947 -0.0251 0.0000 0.0000 1.0000 1.0000
S42 3 -1.6080 3.0840 -3.6860 0.5589 -0.8290 -0.0195 0.0000 0.0000 1.0000 1.0000
S43 3 -1.6080 3.0840 -3.6860 0.3579 -0.9336 -0.0188 0.0000 0.0000 1.0000 1.0000
S44 3 -1.6080 3.0840 -3.6860 -0.0350 -0.9986 0.0389 0.0000 0.0000 1.0000 1.0000
S45 3 -1.6080 3.0840 -3.6860 -0.3581 -0.9336 -0.0125 0.0000 0.0000 1.0000 1.0000
S46 3 -1.6080 3.0840 -3.6860 -0.5735 -0.8192 0.0100 0.0000 0.0000 1.0000 1.0000
S47 3 -1.6080 3.0840 -3.6860 -0.7193 -0.6947 -0.0000 0.0000 0.0000 1.0000 1.0000
S51 3 -1.6080 3.0840 -3.6860 0.7144 -0.6691 0.2048 0.0000 0.0000 1.0000 1.0000
S52 3 -1.6080 3.0840 -3.6860 0.5624 -0.7880 0.2504 0.0000 0.0000 1.0000 1.0000
S53 3 -1.6080 3.0840 -3.6860 0.3202 -0.8829 0.3433 0.0000 0.0000 1.0000 1.0000
S54 3 -1.6080 3.0840 -3.6860 -0.0312 -0.9336 0.3570 0.0000 0.0000 1.0000 1.0000
S55 3 -1.6080 3.0840 -3.6860 -0.3377 -0.8829 0.3261 0.0000 0.0000 1.0000 1.0000
S56 3 -1.6080 3.0840 -3.6860 -0.5704 -0.7771 0.2660 0.0000 0.0000 1.0000 1.0000
S57 3 -1.6080 3.0840 -3.6860 -0.7255 -0.6561 0.2080 0.0000 0.0000 1.0000 1.0000
S61 3 -1.6080 3.0840 -3.6860 0.6518 -0.6293 0.4233 0.0000 0.0000 1.0000 1.0000
S62 3 -1.6080 3.0840 -3.6860 0.4912 -0.7193 0.4912 0.0000 0.0000 1.0000 1.0000
S63 3 -1.6080 3.0840 -3.6860 0.3078 -0.7880 0.5332 0.0000 0.0000 1.0000 1.0000
S64 3 -1.6080 3.0840 -3.6860 -0.0200 -0.8192 0.5732 0.0000 0.0000 1.0000 1.0000
S65 3 -1.6080 3.0840 -3.6860 -0.2638 -0.7986 0.5409 0.0000 0.0000 1.0000 1.0000
S66 3 -1.6080 3.0840 -3.6860 -0.5000 -0.7071 0.5000 0.0000 0.0000 1.0000 1.0000
S67 3 -1.6080 3.0840 -3.6860 -0.6542 -0.6018 0.4581 0.0000 0.0000 1.0000 1.0000
S71 3 -1.6080 3.0840 -3.6860 0.5826 -0.5446 0.6033 0.0000 0.0000 1.0000 1.0000
S72 3 -1.6080 3.0840 -3.6860 0.4350 -0.6018 0.6698 0.0000 0.0000 1.0000 1.0000
S73 3 -1.6080 3.0840 -3.6860 0.2048 -0.6691 0.7144 0.0000 0.0000 1.0000 1.0000
S74 3 -1.6080 3.0840 -3.6860 -0.0493 -0.7071 0.7054 0.0000 0.0000 1.0000 1.0000
S75 3 -1.6080 3.0840 -3.6860 -0.2419 -0.6691 0.7027 0.0000 0.0000 1.0000 1.0000
S76 3 -1.6080 3.0840 -3.6860 -0.4466 -0.6018 0.6621 0.0000 0.0000 1.0000 1.0000
S77 3 -1.6080 3.0840 -3.6860 -0.5826 -0.5446 0.6033 0.0341 0.0000 0.9659 1.0000
LGP_Bottom 4 -4.0670 3.0840 -3.6860 0.0158 -0.4226 -0.9062 0.1911 0.0000 0.8089 1.0000
LGP_Left 4 -4.0670 3.0840 -3.6860 0.9062 -0.4226 0.0158 0.0000 0.0000 1.0000 1.0000
LGP_Right 4 -4.0670 3.0840 -3.6860 -0.9062 -0.4226 -0.0158 0.0000 0.0000 1.0000 1.0000
LGP_Top 4 -4.0670 3.0840 -3.6860 -0.0158 -0.4226 0.9062 0.0000 0.0000 1.0000 1.0000
S11 4 -4.0670 3.0840 -3.6860 0.6033 -0.5446 -0.5826 0.0000 0.0000 1.0000 1.0000
S12 4 -4.0670 3.0840 -3.6860 0.4581 -0.6018 -0.6542 0.0000 0.0000 1.0000 1.0000
S13 4 -4.0670 3.0840 -3.6860 0.2048 -0.6691 -0.7144 0.0000 0.0000 1.0000 1.0000
S14 4 -4.0670 3.0840 -3.6860 0.0000 -0.6820 -0.7314 0.0000 0.0000 1.0000 1.0000
S15 4 -4.0670 3.0840 -3.6860 -0.2173 -0.6691 -0.7107 0.0000 0.0000 1.0000 1.0000
S16 4 -4.0670 3.0840 -3.6860 -0.4520 -0.6157 -0.6455 0.0000 0.0000 1.0000 1.0000
S17 4 -4.0670 3.0840 -3.6860 -0.5930 -0.5446 -0.5930 0.0000 0.0000 1.0000 1.0000
S21 4 -4.0670 3.0840 -3.6860 0.6609 -0.6157 -0.4292 0.0000 0.0000 1.0000 1.0000
S22 4 -4.0670 3.0840 -3.6860 0.4912 -0.7071 -0.5087 0.0000 0.0000 1.0000 1.0000
S23 4 -4.0670 3.0840 -3.6860 0.2660 -0.7771 -0.5704 0.0000 0.0000 1.0000 1.0000
S24 4 -4.0670 3.0840 -3.6860 -0.0105 -0.7986 -0.6017 0.0000 0.0000 1.0000 1.0000
S25 4 -4.0670 3.0840 -3.6860 -0.2602 -0.7880 -0.5580 0.0000 0.0000 1.0000 1.0000
S26 4 -4.0670 3.0840 -3.6860 -0.4912 -0.7071 -0.5087 0.0000 0.0000 1.0000 1.0000
S27 4 -4.0670 3.0840 -3.6860 -0.6609 -0.6157 -0.4292 0.0000 0.0000 1.0000 1.0000
S31 4 -4.0670 3.0840 -3.6860 0.7136 -0.6561 -0.2457 0.0000 0.0000 1.0000 1.0000
S32 4 -4.0670 3.0840 -3.6860 0.5436 -0.7880 -0.2890 0.0000 0.0000 1.0000 1.0000
S33 4 -4.0670 3.0840 -3.6860 0.2918 -0.8910 -0.3478 0.0000 0.0000 1.0000 1.0000
S34 4 -4.0670 3.0840 -3.6860 -0.0250 -0.9336 -0.3575 0.0000 0.0000 1.0000 1.0000
S35 4 -4.0670 3.0840 -3.6860 -0.3266 -0.8910 -0.3154 0.0000 0.0000 1.0000 1.0000
S36 4 -4.0670 3.0840 -3.6860 -0.5486 -0.7880 -0.2795 0.0000 0.0000 1.0000 1.0000
S37 4 -4.0670 3.0840 -3.6860 -0.7136 -0.6561 -0.2457 0.0000 0.0000 1.0000 1.0000
S41 4 -4.0670 3.0840 -3.6860 0.7189 -0.6947 -0.0251 0.0000 0.0000 1.0000 1.0000
S42 4 -4.0670 3.0840 -3.6860 0.5589 -0.8290 -0.0195 0.0000 0.0000 1.0000 1.0000
S43 4 -4.0670 3.0840 -3.6860 0.3579 -0.9336 -0.0188 0.0000 0.0000 1.0000 1.0000
S44 4 -4.0670 3.0840 -3.6860 -0.0350 -0.9986 0.0389 0.0000 0.0000 1.0000 1.0000
S45 4 -4.0670 3.0840 -3.6860 -0.3581 -0.9336 -0.0125 0.0000 0.0000 1.0000 1.0000
S46 4 -4.0670 3.0840 -3.6860 -0.5735 -0.8192 0.0100 0.0000 0.0000 1.0000 1.0000
S47 4 -4.0670 3.0840 -3.6860 -0.7193 -0.6947 -0.0000 0.0000 0.0000 1.0000 1.0000
S51 4 -4.0670 3.0840 -3.6860 0.7144 -0.6691 0.2048 0.0000 0.0000 1.0000 1.0000
S52 4 -4.0670 3.0840 -3.6860 0.5624 -0.7880 0.2504 0.0000 0.0000 1.0000 1.0000
S53 4 -4.0670 3.0840 -3.6860 0.3202 -0.8829 0.3433 0.0000 0.0000 1.0000 1.0000
S54 4 -4.0670 3.0840 -3.6860 -0.0312 -0.9336 0.3570 0.0000 0.0000 1.0000 1.0000
S55 4 -4.0670 3.0840 -3.6860 -0.3377 -0.8829 0.3261 0.0000 0.0000 1.0000 1.0000
S56 4 -4.0670 3.0840 -3.6860 -0.5704 -0.7771 0.2660 0.0000 0.0000 1.0000 1.0000
S57 4 -4.0670 3.0840 -3.6860 -0.7255 -0.6561 0.2080 0.0000 0.0000 1.0000 1.0000
S61 4 -4.0670 3.0840 -3.6860 0.6518 -0.6293 0.4233 0.0000 0.0000 1.0000 1.0000
S62 4 -4.0670 3.0840 -3.6860 0.4912 -0.7193 0.4912 0.0000 0.0000 1.0000 1.0000
S63 4 -4.0670 3.0840 -3.6860 0.3078 -0.7880 0.5332 0.0000 0.0000 1.0000 1.0000
S64 4 -4.0670 3.0840 -3.6860 -0.0200 -0.8192 0.5732 0.0000 0.0000 1.0000 1.0000
S65 4 -4.0670 3.0840 -3.6860 -0.2638 -0.7986 0.5409 0.0000 0.0000 1.0000 1.0000
S66 4 -4.0670 3.0840 -3.6860 -0.5000 -0.7071 0.5000 0.0000 0.0000 1.0000 1.0000
S67 4 -4.0670 3.0840 -3.6860 -0.6542 -0.6018 0.4581 0.0000 0.0000 1.0000 1.0000
S71 4 -4.0670 3.0840 -3.6860 0.5826 -0.5446 0.6033 0.0000 0.0000 1.0000 1.0000
S72 4 -4.0670 3.0840 -3.6860 0.4350 -0.6018 0.6698 0.0000 0.0000 1.0000 1.0000
S73 4 -4.0670 3.0840 -3.6860 0.2048 -0.6691 0.7144 0.0000 0.0000 1.0000 1.0000
S74 4 -4.0670 3.0840 -3.6860 -0.0493 -0.7071 0.7054 0.0000 0.0000 1.0000 1.0000
S75 4 -4.0670 3.0840 -3.6860 -0.2419 -0.6691 0.7027 0.0000 0.0000 1.0000 1.0000
S76 4 -4.0670 3.0840 -3.6860 -0.4466 -0.6018 0.6621 0.0000 0.0000 1.0000 1.0000
S77 4 -4.0670 3.0840 -3.6860 -0.5826 -0.5446 0.6033 0.0000 0.0000 1.0000 1.0000
LGP_Bottom 5 -1.6080 3.0840 -6.7660 0.0158 -0.4226 -0.9062 0.2561 0.0000 0.7439 1.0000
LGP_Left 5 -1.6080 3.0840 -6.7660 0.9062 -0.4226 0.0158 0.0000 0.0000 1.0000 1.0000
LGP_Right 5 -1.6080 3.0840 -6.7660 -0.9062 -0.4226 -0.0158 0.7774 0.0000 0.2226 1.0000
LGP_Top 5 -1.6080 3.0840 -6.7660 -0.0158 -0.4226 0.9062 0.0000 0.0000 1.0000 1.0000
S11 5 -1.6080 3.0840 -6.7660 0.6033 -0.5446 -0.5826 0.0000 0.0000 1.0000 1.0000
S12 5 -1.6080 3.0840 -6.7660 0.4581 -0.6018 -0.6542 0.0000 0.0000 1.0000 1.0000
S13 5 -1.6080 3.0840 -6.7660 0.2048 -0.6691 -0.7144 0.0000 0.0000 1.0000 1.0000
S14 5 -1.6080 3.0840 -6.7660 0.0000 -0.6820 -0.7314 0.0000 0.0000 1.0000 1.0000
S15 5 -1.6080 3.0840 -6.7660 -0.2173 -0.6691 -0.7107 0.0610 0.0000 0.9390 1.0000
S16 5 -1.6080 3.0840 -6.7660 -0.4520 -0.6157 -0.6455 0.0239 0.0000 0.9761 1.0000
S17 5 -1.6080 3.0840 -6.7660 -0.5930 -0.5446 -0.5930 0.0149 0.0000 0.9851 1.0000
S21 5 -1.6080 3.0840 -6.7660 0.6609 -0.6157 -0.4292 0.0000 0.0000 1.0000 1.0000
S22 5 -1.6080 3.0840 -6.7660 0.4912 -0.7071 -0.5087 0.0000 0.0000 1.0000 1.0000
S23 5 -1.6080 3.0840 -6.7660 0.2660 -0.7771 -0.5704 0.0000 0.0000 1.0000 1.0000
S24 5 -1.6080 3.0840 -6.7660 -0.0105 -0.7986 -0.6017 0.0000 0.0000 1.0000 1.0000
S25 5 -1.6080 3.0840 -6.7660 -0.2602 -0.7880 -0.5580 0.0000 0.0000 1.0000 1.0000
S26 5 -1.6080 3.0840 -6.7660 -0.4912 -0.7071 -0.5087 0.0000 0.0000 1.0000 1.0000
S27 5 -1.6080 3.0840 -6.7660 -0.6609 -0.6157 -0.4292 0.2069 0.0000 0.7931 1.0000
S31 5 -1.6080 3.0840 -6.7660 0.7136 -0.6561 -0.2457 0.0000 0.0000 1.0000 1.0000
S32 5 -1.6080 3.0840 -6.7660 0.5436 -0.7880 -0.2890 0.0000 0.0000 1.0000 1.0000
S33 5 -1.6080 3.0840 -6.7660 0.2918 -0.8910 -0.3478 0.0000 0.0000 1.0000 1.0000
S34 5 -1.6080 3.0840 -6.7660 -0.0250 -0.9336 -0.3575 0.0000 0.0000 1.0000 1.0000
S35 5 -1.6080 3.0840 -6.7660 -0.3266 -0.8910 -0.3154 0.0000 0.0000 1.0000 1.0000
S36 5 -1.6080 3.0840 -6.7660 -0.5486 -0.7880 -0.2795 0.0321 0.0000 0.9679 1.0000
S37 5 -1.6080 3.0840 -6.7660 -0.7136 -0.6561 -0.2457 0.3451 0.0000 0.6549 1.0000
S41 5 -1.6080 3.0840 -6.7660 0.7189 -0.6947 -0.0251 0.0000 0.0000 1.0000 1.0000
S42 5 -1.6080 3.0840 -6.7660 0.5589 -0.8290 -0.0195 0.0000 0.0000 1.0000 1.0000
S43 5 -1.6080 3.0840 -6.7660 0.3579 -0.9336 -0.0188 0.0000 0.0000 1.0000 1.0000
S44 5 -1.6080 3.0840 -6.7660 -0.0350 -0.9986 0.0389 0.0000 0.0000 1.0000 1.0000
S45 5 -1.6080 3.0840 -6.7660 -0.3581 -0.9336 -0.0125 0.0000 0.0000 1.0000 1.0000
S46 5 -1.6080 3.0840 -6.7660 -0.5735 -0.8192 0.0100 0.0777 0.0000 0.9223 1.0000
S47 5 -1.6080 3.0840 -6.7660 -0.7193 -0.6947 -0.0000 0.3556 0.0000 0.6444 1.0000
S51 5 -1.6080 3.0840 -6.7660 0.7144 -0.6691 0.2048 0.0000 0.0000 1.0000 1.0000
S52 5 -1.6080 3.0840 -6.7660 0.5624 -0.7880 0.2504 0.0000 0.0000 1.0000 1.0000
S53 5 -1.6080 3.0840 -6.7660 0.3202 -0.8829 0.3433 0.0000 0.0000 1.0000 1.0000
S54 5 -1.6080 3.0840 -6.7660 -0.0312 -0.9336 0.3570 0.0000 0.0000 1.0000 1.0000
S55 5 -1.6080 3.0840 -6.7660 -0.3377 -0.8829 0.3261 0.0000 0.0000 1.0000 1.0000
S56 5 -1.6080 3.0840 -6.7660 -0.5704 -0.7771 0.2660 0.0394 0.0000 0.9606 1.0000
S57 5 -1.6080 3.0840 -6.7660 -0.7255 -0.6561 0.2080 0.3668 0.0000 0.6332 1.0000
S61 5 -1.6080 3.0840 -6.7660 0.6518 -0.6293 0.4233 0.0000 0.0000 1.0000 1.0000
S62 5 -1.6080 3.0840 -6.7660 0.4912 -0.7193 0.4912 0.0000 0.0000 1.0000 1.0000
S63 5 -1.6080 3.0840 -6.7660 0.3078 -0.7880 0.5332 0.0000 0.0000 1.0000 1.0000
S64 5 -1.6080 3.0840 -6.7660 -0.0200 -0.8192 0.5732 0.0000 0.0000 1.0000 1.0000
S65 5 -1.6080 3.0840 -6.7660 -0.2638 -0.7986 0.5409 0.0000 0.0000 1.0000 1.0000
S66 5 -1.6080 3.0840 -6.7660 -0.5000 -0.7071 0.5000 0.0000 0.0000 1.0000 1.0000
S67 5 -1.6080 3.0840 -6.7660 -0.6542 -0.6018 0.4581 0.0818 0.0000 0.9182 1.0000
S71 5 -1.6080 3.0840 -6.7660 0.5826 -0.5446 0.6033 0.0000 0.0000 1.0000 1.0000
S72 5 -1.6080 3.0840 -6.7660 0.4350 -0.6018 0.6698 0.0000 0.0000 1.0000 1.0000
S73 5 -1.6080 3.0840 -6.7660 0.2048 -0.6691 0.7144 0.0000 0.0000 1.0000 1.0000
S74 5 -1.6080 3.0840 -6.7660 -0.0493 -0.7071 0.7054 0.0000 0.0000 1.0000 1.0000
S75 5 -1.6080 3.0840 -6.7660 -0.2419 -0.6691 0.7027 0.0000 0.0000 1.0000 1.0000
S76 5 -1.6080 3.0840 -6.7660 -0.4466 -0.6018 0.6621 0.0000 0.0000 1.0000 1.0000
S77 5 -1.6080 3.0840 -6.7660 -0.5826 -0.5446 0.6033 0.0000 0.0000 1.0000 1.0000
LGP_Bottom 6 -4.0670 3.0840 -6.7660 0.0158 -0.4226 -0.9062 0.7774 0.0000 0.2226 1.0000
LGP_Left 6 -4.0670 3.0840 -6.7660 0.9062 -0.4226 0.0158 0.0000 0.0000 1.0000 1.0000
LGP_Right 6 -4.0670 3.0840 -6.7660 -0.9062 -0.4226 -0.0158 0.0000 0.0000 1.0000 1.0000
LGP_Top 6 -4.0670 3.0840 -6.7660 -0.0158 -0.4226 0.9062 0.0000 0.0000 1.0000 1.0000
S11 6 -4.0670 3.0840 -6.7660 0.6033 -0.5446 -0.5826 0.0000 0.0000 1.0000 1.0000
S12 6 -4.0670 3.0840 -6.7660 0.4581 -0.6018 -0.6542 0.0000 0.0000 1.0000 1.0000
S13 6 -4.0670 3.0840 -6.7660 0.2048 -0.6691 -0.7144 0.1019 0.0000 0.8981 1.0000
S14 6 -4.0670 3.0840 -6.7660 0.0000 -0.6820 -0.7314 0.0405 0.0000 0.9595 1.0000
S15 6 -4.0670 3.0840 -6.7660 -0.2173 -0.6691 -0.7107 0.0000 0.0000 1.0000 1.0000
S16 6 -4.0670 3.0840 -6.7660 -0.4520 -0.6157 -0.6455 0.0000 0.0000 1.0000 1.0000
S17 6 -4.0670 3.0840 -6.7660 -0.5930 -0.5446 -0.5930 0.0000 0.0000 1.0000 1.0000
S21 6 -4.0670 3.0840 -6.7660 0.6609 -0.6157 -0.4292 0.0000 0.0000 1.0000 1.0000
S22 6 -4.0670 3.0840 -6.7660 0.4912 -0.7071 -0.5087 0.0000 0.0000 1.0000 1.0000
S23 6 -4.0670 3.0840 -6.7660 0.2660 -0.7771 -0.5704 0.0000 0.0000 1.0000 1.0000
S24 6 -4.0670 3.0840 -6.7660 -0.0105 -0.7986 -0.6017 0.0000 0.0000 1.0000 1.0000
S25 6 -4.0670 3.0840 -6.7660 -0.2602 -0.7880 -0.5580 0.0000 0.0000 1.0000 1.0000
S26 6 -4.0670 3.0840 -6.7660 -0.4912 -0.7071 -0.5087 0.0000 0.0000 1.0000 1.0000
S27 6 -4.0670 3.0840 -6.7660 -0.6609 -0.6157 -0.4292 0.0000 0.0000 1.0000 1.0000
S31 6 -4.0670 3.0840 -6.7660 0.7136 -0.6561 -0.2457 0.0000 0.0000 1.0000 1.0000
S32 6 -4.0670 3.0840 -6.7660 0.5436 -0.7880 -0.2890 0.0000 0.0000 1.0000 1.0000
S33 6 -4.0670 3.0840 -6.7660 0.2918 -0.8910 -0.3478 0.0000 0.0000 1.0000 1.0000
S34 6 -4.0670 3.0840 -6.7660 -0.0250 -0.9336 -0.3575 0.0000 0.0000 1.0000 1.0000
S35 6 -4.0670 3.0840 -6.7660 -0.3266 -0.8910 -0.3154 0.0000 0.0000 1.0000 1.0000
S36 6 -4.0670 3.0840 -6.7660 -0.5486 -0.7880 -0.2795 0.0000 0.0000 1.0000 1.0000
S37 6 -4.0670 3.0840 -6.7660 -0.7136 -0.6561 -0.2457 0.0000 0.0000 1.0000 1.0000
S41 6 -4.0670 3.0840 -6.7660 0.7189 -0.6947 -0.0251 0.0000 0.0000 1.0000 1.0000
S42 6 -4.0670 3.0840 -6.7660 0.5589 -0.8290 -0.0195 0.0000 0.0000 1.0000 1.0000
S43 6 -4.0670 3.0840 -6.7660 0.3579 -0.9336 -0.0188 0.0000 0.0000 1.0000 1.0000
S44 6 -4.0670 3.0840 -6.7660 -0.0350 -0.9986 0.0389 0.0000 0.0000 1.0000 1.0000
S45 6 -4.0670 3.0840 -6.7660 -0.3581 -0.9336 -0.0125 0.0000 0.0000 1.0000 1.0000
S46 6 -4.0670 3.0840 -6.7660 -0.5735 -0.8192 0.0100 0.0000 0.0000 1.0000 1.0000
S47 6 -4.0670 3.0840 -6.7660 -0.7193 -0.6947 -0.0000 0.0000 0.0000 1.0000 1.0000
S51 6 -4.0670 3.0840 -6.7660 0.7144 -0.6691 0.2048 0.0000 0.0000 1.0000 1.0000
S52 6 -4.0670 3.0840 -6.7660 0.5624 -0.7880 0.2504 0.0000 0.0000 1.0000 1.0000
S53 6 -4.0670 3.0840 -6.7660 0.3202 -0.8829 0.3433 0.0000 0.0000 1.0000 1.0000
S54 6 -4.0670 3.0840 -6.7660 -0.0312 -0.9336 0.3570 0.0000 0.0000 1.0000 1.0000
S55 6 -4.0670 3.0840 -6.7660 -0.3377 -0.8829 0.3261 0.0000 0.0000 1.0000 1.0000
S56 6 -4.0670 3.0840 -6.7660 -0.5704 -0.7771 0.2660 0.0000 0.0000 1.0000 1.0000
S57 6 -4.0670 3.0840 -6.7660 -0.7255 -0.6561 0.2080 0.0000 0.0000 1.0000 1.0000
S61 6 -4.0670 3.0840 -6.7660 0.6518 -0.6293 0.4233 0.0000 0.0000 1.0000 1.0000
S62 6 -4.0670 3.0840 -6.7660 0.4912 -0.7193 0.4912 0.0000 0.0000 1.0000 1.0000
S63 6 -4.0670 3.0840 -6.7660 0.3078 -0.7880 0.5332 0.0000 0.0000 1.0000 1.0000
S64 6 -4.0670 3.0840 -6.7660 -0.0200 -0.8192 0.5732 0.0000 0.0000 1.0000 1.0000
S65 6 -4.0670 3.0840 -6.7660 -0.2638 -0.7986 0.5409 0.0000 0.0000 1.0000 1.0000
S66 6 -4.0670 3.0840 -6.7660 -0.5000 -0.7071 0.5000 0.0000 0.0000 1.0000 1.0000
S67 6 -4.0670 3.0840 -6.7660 -0.6542 -0.6018 0.4581 0.0000 0.0000 1.0000 1.0000
S71 6 -4.0670 3.0840 -6.7660 0.5826 -0.5446 0.6033 0.0000 0.0000 1.0000 1.0000
S72 6 -4.0670 3.0840 -6.7660 0.4350 -0.6018 0.6698 0.0000 0.0000 1.0000 1.0000
S73 6 -4.0670 3.0840 -6.7660 0.2048 -0.6691 0.7144 0.0000 0.0000 1.0000 1.0000
S74 6 -4.0670 3.0840 -6.7660 -0.0493 -0.7071 0.7054 0.0000 0.0000 1.0000 1.0000
S75 6 -4.0670 3.0840 -6.7660 -0.2419 -0.6691 0.7027 0.0000 0.0000 1.0000 1.0000
S76 6 -4.0670 3.0840 -6.7660 -0.4466 -0.6018 0.6621 0.0000 0.0000 1.0000 1.0000
S77 6 -4.0670 3.0840 -6.7660 -0.5826 -0.5446 0.6033 0.0000 0.0000 1.0000 1.0000
LGP_Bottom 7 -2.2240 3.0840 -9.2300 0.0158 -0.4226 -0.9062 0.4551 0.0000 0.5449 1.0000
LGP_Left 7 -2.2240 3.0840 -9.2300 0.9062 -0.4226 0.0158 0.0000 0.0000 1.0000 1.0000
LGP_Right 7 -2.2240 3.0840 -9.2300 -0.9062 -0.4226 -0.0158 0.0000 0.0000 1.0000 1.0000
LGP_Top 7 -2.2240 3.0840 -9.2300 -0.0158 -0.4226 0.9062 0.3523 0.0000 0.6477 1.0000
S11 7 -2.2240 3.0840 -9.2300 0.6033 -0.5446 -0.5826 0.0065 0.0000 0.9935 1.0000
S12 7 -2.2240 3.0840 -9.2300 0.4581 -0.6018 -0.6542 0.0748 0.0000 0.9252 1.0000
S13 7 -2.2240 3.0840 -9.2300 0.2048 -0.6691 -0.7144 0.2185 0.0000 0.7815 1.0000
S14 7 -2.2240 3.0840 -9.2300 0.0000 -0.6820 -0.7314 0.3166 0.0000 0.6834 1.0000
S15 7 -2.2240 3.0840 -9.2300 -0.2173 -0.6691 -0.7107 0.3398 0.0000 0.6602 1.0000
S16 7 -2.2240 3.0840 -9.2300 -0.4520 -0.6157 -0.6455 0.2267 0.0000 0.7733 1.0000
S17 7 -2.2240 3.0840 -9.2300 -0.5930 -0.5446 -0.5930 0.1416 0.0000 0.8584 1.0000
S21 7 -2.2240 3.0840 -9.2300 0.6609 -0.6157 -0.4292 0.0000 0.0000 1.0000 1.0000
S22 7 -2.2240 3.0840 -9.2300 0.4912 -0.7071 -0.5087 0.0025 0.0000 0.9975 1.0000
S23 7 -2.2240 3.0840 -9.2300 0.2660 -0.7771 -0.5704 0.0636 0.0000 0.9364 1.0000
S24 7 -2.2240 3.0840 -9.2300 -0.0105 -0.7986 -0.6017 0.1531 0.0000 0.8469 1.0000
S25 7 -2.2240 3.0840 -9.2300 -0.2602 -0.7880 -0.5580 0.0870 0.0000 0.9130 1.0000
S26 7 -2.2240 3.0840 -9.2300 -0.4912 -0.7071 -0.5087 0.0128 0.0000 0.9872 1.0000
S27 7 -2.2240 3.0840 -9.2300 -0.6609 -0.6157 -0.4292 0.0000 0.0000 1.0000 1.0000
S31 7 -2.2240 3.0840 -9.2300 0.7136 -0.6561 -0.2457 0.0000 0.0000 1.0000 1.0000
S32 7 -2.2240 3.0840 -9.2300 0.5436 -0.7880 -0.2890 0.0000 0.0000 1.0000 1.0000
S33 7 -2.2240 3.0840 -9.2300 0.2918 -0.8910 -0.3478 0.0000 0.0000 1.0000 1.0000
S34 7 -2.2240 3.0840 -9.2300 -0.0250 -0.9336 -0.3575 0.0000 0.0000 1.0000 1.0000
S35 7 -2.2240 3.0840 -9.2300 -0.3266 -0.8910 -0.3154 0.0000 0.0000 1.0000 1.0000
S36 7 -2.2240 3.0840 -9.2300 -0.5486 -0.7880 -0.2795 0.0000 0.0000 1.0000 1.0000
S37 7 -2.2240 3.0840 -9.2300 -0.7136 -0.6561 -0.2457 0.0000 0.0000 1.0000 1.0000
S41 7 -2.2240 3.0840 -9.2300 0.7189 -0.6947 -0.0251 0.0000 0.0000 1.0000 1.0000
S42 7 -2.2240 3.0840 -9.2300 0.5589 -0.8290 -0.0195 0.0000 0.0000 1.0000 1.0000
S43 7 -2.2240 3.0840 -9.2300 0.3579 -0.9336 -0.0188 0.0000 0.0000 1.0000 1.0000
S44 7 -2.2240 3.0840 -9.2300 -0.0350 -0.9986 0.0389 0.0000 0.0000 1.0000 1.0000
S45 7 -2.2240 3.0840 -9.2300 -0.3581 -0.9336 -0.0125 0.0000 0.0000 1.0000 1.0000
S46 7 -2.2240 3.0840 -9.2300 -0.5735 -0.8192 0.0100 0.0000 0.0000 1.0000 1.0000
S47 7 -2.2240 3.0840 -9.2300 -0.7193 -0.6947 -0.0000 0.0000 0.0000 1.0000 1.0000
S51 7 -2.2240 3.0840 -9.2300 0.7144 -0.6691 0.2048 0.0000 0.0000 1.0000 1.0000
S52 7 -2.2240 3.0840 -9.2300 0.5624 -0.7880 0.2504 0.0000 0.0000 1.0000 1.0000
S53 7 -2.2240 3.0840 -9.2300 0.3202 -0.8829 0.3433 0.0000 0.0000 1.0000 1.0000
S54 7 -2.2240 3.0840 -9.2300 -0.0312 -0.9336 0.3570 0.0000 0.0000 1.0000 1.0000
S55 7 -2.2240 3.0840 -9.2300 -0.3377 -0.8829 0.3261 0.0000 0.0000 1.0000 1.0000
S56 7 -2.2240 3.0840 -9.2300 -0.5704 -0.7771 0.2660 0.0404 0.0000 0.9596 1.0000
S57 7 -2.2240 3.0840 -9.2300 -0.7255 -0.6561 0.2080 0.0410 0.0000 0.9590 1.0000
S61 7 -2.2240 3.0840 -9.2300 0.6518 -0.6293 0.4233 0.0000 0.0000 1.0000 1.0000
S62 7 -2.2240 3.0840 -9.2300 0.4912 -0.7193 0.4912 0.0000 0.0000 1.0000 1.0000
S63 7 -2.2240 3.0840 -9.2300 0.3078 -0.7880 0.5332 0.0000 0.0000 1.0000 1.0000
S64 7 -2.2240 3.0840 -9.2300 -0.0200 -0.8192 0.5732 0.0054 0.0000 0.9946 1.0000
S65 7 -2.2240 3.0840 -9.2300 -0.2638 -0.7986 0.5409 0.0237 0.0000 0.9763 1.0000
S66 7 -2.2240 3.0840 -9.2300 -0.5000 -0.7071 0.5000 0.0000 0.0000 1.0000 1.0000
S67 7 -2.2240 3.0840 -9.2300 -0.6542 -0.6018 0.4581 0.1701 0.0000 0.8299 1.0000
S71 7 -2.2240 3.0840 -9.2300 0.5826 -0.5446 0.6033 0.0000 0.0000 1.0000 1.0000
S72 7 -2.2240 3.0840 -9.2300 0.4350 -0.6018 0.6698 0.0000 0.0000 1.0000 1.0000
S73 7 -2.2240 3.0840 -9.2300 0.2048 -0.6691 0.7144 0.0240 0.0000 0.9760 1.0000
S74 7 -2.2240 3.0840 -9.2300 -0.0493 -0.7071 0.7054 0.1637 0.0000 0.8363 1.0000
S75 7 -2.2240 3.0840 -9.2300 -0.2419 -0.6691 0.7027 0.1419 0.0000 0.8581 1.0000
S76 7 -2.2240 3.0840 -9.2300 -0.4466 -0.6018 0.6621 0.0000 0.0000 1.0000 1.0000
S77 7 -2.2240 3.0840 -9.2300 -0.5826 -0.5446 0.6033 0.1252 0.0000 0.8748 1.0000
LGP_Bottom 8 -3.4510 3.0840 -9.2300 0.0158 -0.4226 -0.9062 0.7614 0.0000 0.2386 1.0000
LGP_Left 8 -3.4510 3.0840 -9.2300 0.9062 -0.4226 0.0158 0.0000 0.0000 1.0000 1.0000
LGP_Right 8 -3.4510 3.0840 -9.2300 -0.9062 -0.4226 -0.0158 0.0000 0.0000 1.0000 1.0000
LGP_Top 8 -3.4510 3.0840 -9.2300 -0.0158 -0.4226 0.9062 0.0000 0.0000 1.0000 1.0000
S11 8 -3.4510 3.0840 -9.2300 0.6033 -0.5446 -0.5826 0.1252 0.0000 0.8748 1.0000
S12 8 -3.4510 3.0840 -9.2300 0.4581 -0.6018 -0.6542 0.2413 0.0000 0.7587 1.0000
S13 8 -3.4510 3.0840 -9.2300 0.2048 -0.6691 -0.7144 0.3465 0.0000 0.6535 1.0000
S14 8 -3.4510 3.0840 -9.2300 0.0000 -0.6820 -0.7314 0.3778 0.0000 0.6222 1.0000
S15 8 -3.4510 3.0840 -9.2300 -0.2173 -0.6691 -0.7107 0.3398 0.0000 0.6602 1.0000
S16 8 -3.4510 3.0840 -9.2300 -0.4520 -0.6157 -0.6455 0.2244 0.0000 0.7756 1.0000
S17 8 -3.4510 3.0840 -9.2300 -0.5930 -0.5446 -0.5930 0.1082 0.0000 0.8918 1.0000
S21 8 -3.4510 3.0840 -9.2300 0.6609 -0.6157 -0.4292 0.0000 0.0000 1.0000 1.0000
S22 8 -3.4510 3.0840 -9.2300 0.4912 -0.7071 -0.5087 0.0128 0.0000 0.9872 1.0000
S23 8 -3.4510 3.0840 -9.2300 0.2660 -0.7771 -0.5704 0.1061 0.0000 0.8939 1.0000
S24 8 -3.4510 3.0840 -9.2300 -0.0105 -0.7986 -0.6017 0.1554 0.0000 0.8446 1.0000
S25 8 -3.4510 3.0840 -9.2300 -0.2602 -0.7880 -0.5580 0.0870 0.0000 0.9130 1.0000
S26 8 -3.4510 3.0840 -9.2300 -0.4912 -0.7071 -0.5087 0.0119 0.0000 0.9881 1.0000
S27 8 -3.4510 3.0840 -9.2300 -0.6609 -0.6157 -0.4292 0.0000 0.0000 1.0000 1.0000
S31 8 -3.4510 3.0840 -9.2300 0.7136 -0.6561 -0.2457 0.0000 0.0000 1.0000 1.0000
S32 8 -3.4510 3.0840 -9.2300 0.5436 -0.7880 -0.2890 0.0000 0.0000 1.0000 1.0000
S33 8 -3.4510 3.0840 -9.2300 0.2918 -0.8910 -0.3478 0.0000 0.0000 1.0000 1.0000
S34 8 -3.4510 3.0840 -9.2300 -0.0250 -0.9336 -0.3575 0.0000 0.0000 1.0000 1.0000
S35 8 -3.4510 3.0840 -9.2300 -0.3266 -0.8910 -0.3154 0.0000 0.0000 1.0000 1.0000
S36 8 -3.4510 3.0840 -9.2300 -0.5486 -0.7880 -0.2795 0.0000 0.0000 1.0000 1.0000
S37 8 -3.4510 3.0840 -9.2300 -0.7136 -0.6561 -0.2457 0.0000 0.0000 1.0000 1.0000
S41 8 -3.4510 3.0840 -9.2300 0.7189 -0.6947 -0.0251 0.0000 0.0000 1.0000 1.0000
S42 8 -3.4510 3.0840 -9.2300 0.5589 -0.8290 -0.0195 0.0000 0.0000 1.0000 1.0000
S43 8 -3.4510 3.0840 -9.2300 0.3579 -0.9336 -0.0188 0.0000 0.0000 1.0000 1.0000
S44 8 -3.4510 3.0840 -9.2300 -0.0350 -0.9986 0.0389 0.0000 0.0000 1.0000 1.0000
S45 8 -3.4510 3.0840 -9.2300 -0.3581 -0.9336 -0.0125 0.0000 0.0000 1.0000 1.0000
S46 8 -3.4510 3.0840 -9.2300 -0.5735 -0.8192 0.0100 0.0000 0.0000 1.0000 1.0000
S47 8 -3.4510 3.0840 -9.2300 -0.7193 -0.6947 -0.0000 0.0000 0.0000 1.0000 1.0000
S51 8 -3.4510 3.0840 -9.2300 0.7144 -0.6691 0.2048 0.0000 0.0000 1.0000 1.0000
S52 8 -3.4510 3.0840 -9.2300 0.5624 -0.7880 0.2504 0.0000 0.0000 1.0000 1.0000
S53 8 -3.4510 3.0840 -9.2300 0.3202 -0.8829 0.3433 0.0000 0.0000 1.0000 1.0000
S54 8 -3.4510 3.0840 -9.2300 -0.0312 -0.9336 0.3570 0.0000 0.0000 1.0000 1.0000
S55 8 -3.4510 3.0840 -9.2300 -0.3377 -0.8829 0.3261 0.0000 0.0000 1.0000 1.0000
S56 8 -3.4510 3.0840 -9.2300 -0.5704 -0.7771 0.2660 0.0000 0.0000 1.0000 1.0000
S57 8 -3.4510 3.0840 -9.2300 -0.7255 -0.6561 0.2080 0.0000 0.0000 1.0000 1.0000
S61 8 -3.4510 3.0840 -9.2300 0.6518 -0.6293 0.4233 0.0000 0.0000 1.0000 1.0000
S62 8 -3.4510 3.0840 -9.2300 0.4912 -0.7193 0.4912 0.0000 0.0000 1.0000 1.0000
S63 8 -3.4510 3.0840 -9.2300 0.3078 -0.7880 0.5332 0.0000 0.0000 1.0000 1.0000
S64 8 -3.4510 3.0840 -9.2300 -0.0200 -0.8192 0.5732 0.0000 0.0000 1.0000 1.0000
S65 8 -3.4510 3.0840 -9.2300 -0.2638 -0.7986 0.5409 0.0000 0.0000 1.0000 1.0000
S66 8 -3.4510 3.0840 -9.2300 -0.5000 -0.7071 0.5000 0.0000 0.0000 1.0000 1.0000
S67 8 -3.4510 3.0840 -9.2300 -0.6542 -0.6018 0.4581 0.0000 0.0000 1.0000 1.0000
S71 8 -3.4510 3.0840 -9.2300 0.5826 -0.5446 0.6033 0.0000 0.0000 1.0000 1.0000
S72 8 -3.4510 3.0840 -9.2300 0.4350 -0.6018 0.6698 0.0000 0.0000 1.0000 1.0000
S73 8 -3.4510 3.0840 -9.2300 0.2048 -0.6691 0.7144 0.0000 0.0000 1.0000 1.0000
S74 8 -3.4510 3.0840 -9.2300 -0.0493 -0.7071 0.7054 0.0000 0.0000 1.0000 1.0000
S75 8 -3.4510 3.0840 -9.2300 -0.2419 -0.6691 0.7027 0.0000 0.0000 1.0000 1.0000
S76 8 -3.4510 3.0840 -9.2300 -0.4466 -0.6018 0.6621 0.0000 0.0000 1.0000 1.0000
S77 8 -3.4510 3.0840 -9.2300 -0.5826 -0.5446 0.6033 0.0000 0.0000 1.0000 1.0000
